,"XM_008378954,1","XM_008358718,1","NM_001293983,1","XM_008339015,1","XM_008378862,1","XM_008381409,1","XM_008372268,1","XM_008357852,1","XM_008347563,1","XM_008395865,1","XM_008347928,1","XM_008352752,1","XM_008390007,1","XM_008346127,1","XM_008391412,1","XM_008375822,1","XM_008342092,1","XM_008346561,1","XM_008392658,1","XM_008340249,1","XM_008357031,1","XM_008342489,1","XM_008365736,1","XM_008353259,1","XM_008392645,1","XM_008346577,1","XM_008392118,1","XM_008388475,1","XM_008353031,1","XM_008359318,1","XM_008392497,1","XM_008389619,1","XM_008340728,1","XM_008341644,1","XM_008352864,1","XM_008353321,1","XM_008358077,1","XM_008339343,1","XM_008358066,1","XM_008390606,1","XM_008360876,1","XM_008348542,1","XM_008377120,1","XM_008367835,1","XM_008375192,1","XM_008379224,1","XM_008382874,1","XM_008351661,1","XM_008364214,1","XM_008395973,1","XM_008395429,1","XM_008341462,1","XM_008361055,1","XM_008367891,1","XM_008364242,1","XM_008371859,1","XM_008373586,1","XM_008366883,1","XM_008349204,1","XM_008343281,1","XM_008352749,1","JN381497,1","XM_008375404,1","XM_008349498,1","XM_008356729,1","XM_008385618,1","XM_008348256,1","XM_008368498,1","XM_008346417,1","XM_008392579,1","XM_008375174,1","XM_008372502,1","XM_008375050,1","XM_008344638,1","XM_008392222,1","XM_008380349,1","XM_008382862,1","XM_008366401,1","XM_008370181,1","XM_008382964,1","XM_008351730,1","XM_008388172,1","XM_008348226,1","XM_008393407,1","XM_008352977,1","XM_008357035,1","XM_008369353,1","XM_008346320,1","XM_008377122,1","XM_008370383,1","XM_008378026,1","XM_008348634,1","XM_008386805,1","XM_008387564,1"
"XM_008378954,1",1.0,0.30422335781147586,0.1146287665108939,0.7989699345334963,0.18293049603516617,-0.6852588188973504,0.9024025222715358,-0.12039019215996473,-0.4291022670433605,-0.3189663584429157,-0.6131182750522005,-0.8277179217825459,-0.17218356370304602,-0.6407550285328839,-0.4618410735208149,0.5366134625617628,0.35458431103833543,-0.872880921729459,-0.24470842655032315,-0.6870164734065455,-0.545953410705719,-0.7670111576939301,0.1962722049154926,0.07073996729486304,0.5611926028349715,-0.7582499767203097,0.14433948973061514,-0.30479823083233065,0.7760064672687256,-0.508460002760196,0.6209833224938031,-0.7918958695275352,0.015523195508822392,-0.8319644203195035,-0.937950616697497,-0.34681028879536346,0.8249198495234824,0.7410305884813578,0.6851424611352029,-0.6312993917461556,-0.5919771428122476,-0.5023039189370171,-0.8365950095512531,-0.38627223307558417,-0.05613037689025297,0.2926782371434769,-0.11699481383702777,-0.6004482001205632,-0.522723007023685,-0.44102436267877043,0.5607845998314938,0.47260745308629337,-0.3556333743887536,0.9457253701450284,-0.919045173525884,-0.08926055553729857,0.9077464873786969,-0.7393376992606544,0.5760270585520919,0.7157828183661062,0.05983763748622627,-0.9555365261601583,0.39929827204548274,0.066527433834884,-0.10424166570709993,-0.6113624334576494,0.29466503802304306,0.9469769639987138,0.6689122620162105,-0.12804597336498189,-0.00781646855113052,-0.9131133703529313,-0.6306656205552098,-0.8850592912649541,-0.2987771592357685,0.9217048467334189,0.5969870404077057,-0.8439883793727949,-0.5528889397599936,-0.10511921212014273,0.12633573343130167,0.7336163744906385,0.07077395383230686,-0.5389997149230488,-0.5521885773579875,0.6116832463971473,-0.24581877058471677,-0.3690276807369101,-0.6402667745956476,-0.8334866153065619,0.1146287665108939,0.05837753156368528,-0.05854130125248183,-0.149770792121684
"XM_008358718,1",0.30422335781147586,1.0,0.9576237545723418,-0.10737508489879669,0.6737685949583184,-0.6995132259053246,0.42521882371404024,0.2967342162518158,-0.15343827709961644,-0.6079068106706371,-0.9092900782609324,0.13711989152588974,0.32137802288085554,-0.9075077507158522,0.4364405509216704,0.920221575335173,-0.35609846894442965,-0.035530197630575945,0.5938400973878228,-0.7753753041836958,-0.934414217217984,0.27998517880965645,-0.5333320703259501,0.5675863570621795,0.8938454335985241,-0.2404407425337686,0.8544338796395627,-0.4629322919311394,-0.2854505375678105,-0.9212890727474714,0.8979824565026536,-0.774214263223013,-0.5559749902914644,-0.30157846413420153,-0.07887587566674295,0.35950311463342327,0.6941486460820797,-0.0789042288353843,-0.41210462792292574,0.5170599780470152,-0.6608869865077112,-0.9653393646929956,-0.774802709322901,-0.5016728784999125,-0.8944083152801835,-0.2802236429235763,-0.12642562814779829,0.19128706749554,-0.5562363145871894,0.7068674738614009,0.8097626981544712,0.3014493642282116,-0.9398122910913861,0.5378431845896274,-0.5762266213934585,-0.13478734522804306,0.2621398191162328,-0.08322028061366529,0.8685043284814312,0.8788483481018959,0.9596611013175939,-0.533696842307702,0.711358034452296,-0.3186020489852815,-0.005229948993424713,0.48966746716836507,0.9390261682351023,0.33103745933871886,0.442661315968919,0.7555909106490807,-0.6421704012375927,-0.3298343202239822,-0.8030798628598902,-0.6964472793813158,-0.009190979000060075,0.5323494677085195,0.9195757859825695,-0.10907272050942161,-0.8825647382730092,-0.7122382348116149,-0.7663775606398259,-0.3863515476723966,-0.9063087464397238,-0.9398870539778963,-0.9501240507766561,-0.03417353995355785,0.04202294172902186,0.7571881815490731,-0.9242439614226494,0.13613888137332378,0.9576237545723418,0.696291469455444,-0.5267541699201108,0.5997477524635481
"NM_001293983,1",0.1146287665108939,0.9576237545723418,1.0,-0.27570407843605305,0.7587019818689676,-0.4952462208252982,0.33484948096496125,0.4577425702720244,-0.18175848375663345,-0.6874431156994028,-0.8437911866927894,0.3819196653307398,0.5233055555628501,-0.8348084659957433,0.6760646511557877,0.8648375714221748,-0.28186136525413297,0.10269818578290972,0.796579869177055,-0.7294810694533478,-0.7973825933257973,0.5027934555398927,-0.5327079201237179,0.7320648726494441,0.8723100617982152,-0.032207854141811425,0.9438000085684888,-0.29197468949645555,-0.510369563235352,-0.9033184164492818,0.8037197248179117,-0.589734183465382,-0.6835057775650517,-0.26517439364350204,0.058260257513935786,0.5829386712127768,0.5871204489386258,-0.1194427187083865,-0.6067003400434582,0.6015510264341404,-0.6745168160382639,-0.9036728549304437,-0.6217617352330708,-0.4082482904638631,-0.8749964843760989,-0.40824829046386296,-0.25,0.45820179498340236,-0.6240008278683313,0.8353194248460033,0.6084007461841728,0.35620701279710043,-0.9558818953319661,0.381293126224169,-0.4411221565097085,-0.22902756664039775,0.003636113647839776,-0.017560763013646903,0.6893643829248913,0.7596912682774418,0.9569423976945256,-0.3886482823630477,0.5590186714049675,-0.53451962029518,0.09805988338502816,0.6679147178144338,0.9424769271581023,0.2165949540703245,0.46956861817133766,0.8750797840820128,-0.812006868127665,-0.09238685141409485,-0.6199411450644422,-0.5384602190458557,0.24999296876538107,0.42378245263220976,0.775104908539484,0.10336983484324001,-0.7170612245639322,-0.5793988485493331,-0.731192657542357,-0.5079587454435512,-0.9767957260087387,-0.8966413382603773,-0.8723106945819893,-0.30791597595133685,0.2872133531630912,0.8513886830071024,-0.8186284374698072,0.3823014841239483,1.0,0.5610355300468555,-0.34299641367138733,0.7954222436322698
"XM_008339015,1",0.7989699345334963,-0.10737508489879669,-0.27570407843605305,1.0,-0.37625636480761177,-0.20982768847877215,0.7333804342514679,-0.5897077374071173,0.04759960991919084,-0.26688234360075186,-0.13894051149981296,-0.7779970617646728,-0.07311765868821613,-0.20712530062162526,-0.5997216003967254,0.2421530028506235,0.22924392370405874,-0.9683466769205108,-0.5431405279781781,-0.19816951925400442,-0.18929283234974514,-0.8998554656809545,0.03166927554588913,-0.058291106969663484,0.1491448672574959,-0.3411843306777219,-0.13061562676031263,-0.44917340346038326,0.8348717508648272,-0.13042952471747613,0.3332716332337172,-0.5047543673905642,-0.03688522256972917,-0.6557482475778433,-0.9052185731730834,-0.2902806246098742,0.6008671917669901,0.8507107735852413,0.900361683003445,-0.7860688509122793,-0.4171070888002535,-0.13495416519960746,-0.44936805297879867,-0.5545578471330085,0.46389965534468114,0.7796692845238754,-0.37638724767624243,-0.7537981744604023,-0.3021351390653928,-0.722666560219498,0.19268814005163806,0.010675441694873715,0.000876978101525479,0.7362044652815809,-0.6997755651824664,0.3999493261113589,0.6785603530516034,-0.8912865277983185,0.22822579159663273,0.28047842777491366,-0.378651023423752,-0.6754484980698356,-0.14957079867226403,0.10803104136287543,-0.5474544372758202,-0.635950228931363,-0.23353556461730213,0.7850649167203427,0.4874391366222859,-0.6108460789024261,0.3405705082732098,-0.593998472214212,-0.152216947565287,-0.6003332272654605,-0.4406554291508274,0.6068508424180582,0.17157886129544853,-0.5246185488784689,-0.11048717809671273,-0.03875863028168881,0.20530647200259855,0.9056722659879417,0.3746637401152211,-0.14532829062498154,-0.19792089603369872,0.7452229215275357,-0.1163610183723622,-0.7131685276448041,-0.2567651817731232,-0.84900788645219,-0.275704078436053,-0.34197841437429655,0.02103366732224502,-0.34646417445544464
"XM_008378862,1",0.18293049603516617,0.6737685949583184,0.7587019818689676,-0.37625636480761177,1.0,-0.46690068549166297,0.34147092758178094,0.8908583516791027,-0.7530933295159495,-0.4252969482503925,-0.7642520559501617,0.2363788223111824,0.30547654505705957,-0.7099999527371071,0.6006768220064613,0.5581709510132407,0.31563156198454645,0.1458717740771116,0.8025511000512136,-0.8130161030993291,-0.4731575110624475,0.4487918699266847,0.13701263007216255,0.6090938197520966,0.762831019717405,-0.3187850508171958,0.7057908145154005,0.33302747849534003,-0.36606053274074596,-0.7220134512844287,0.4910512473390769,-0.3316714981181734,-0.3003226171922581,-0.4135446024589559,-0.030704914494004695,0.35864344393962383,0.40537448800428055,-0.026138860696410058,-0.5363427163339759,0.28283566630106804,-0.5196766023704791,-0.6299672793573027,-0.5220477193492128,0.17708231905238409,-0.75771614889654,-0.7965598931914863,-0.001968794951771512,0.5867668991258148,-0.6408030860336101,0.6058275226254696,0.33742349153950707,0.8298389909448344,-0.7278240055935365,0.2908853556584845,-0.34540942551407194,-0.804440744412004,0.04550687372421789,0.09293813527288966,0.3739591548236124,0.6337857895861804,0.7106022295843066,-0.39721501081177796,0.5814130259727399,-0.5235688882320074,0.6895950650193373,0.3183816222014677,0.885077504700134,0.27834528258559826,0.5304170719351466,0.913929739656914,-0.8718647462095624,-0.2064756693800158,-0.5186499678438523,-0.39074931684732583,0.5981958793192725,0.5007184306979195,0.5485480413339773,-0.1937988433693999,-0.5072344678093318,0.016444201645960093,-0.1415746506222996,-0.32318573362981295,-0.6548921854363617,-0.7017227109345683,-0.592945306030227,-0.5429009226889736,0.2806734346692105,0.639325710887598,-0.5897559581959999,0.3128736533032731,0.7587019818689683,0.34970749441689936,0.1520026636280229,0.6971969282052101
"XM_008381409,1",-0.6852588188973504,-0.6995132259053246,-0.4952462208252982,-0.20982768847877215,-0.46690068549166297,1.0,-0.501197773420079,-0.12162792322481276,0.3862036913806823,0.09350081706903074,0.79261983488625,0.533725048112061,0.3759111956408125,0.7779931946656776,0.2645050371218193,-0.6358030962205901,0.11355961286861237,0.2798645866644304,0.010640452629946711,0.7356760219690354,0.839696617092902,0.3102204865194608,0.012167516117283284,0.042946022094641045,-0.6548609558920827,0.839951366571147,-0.29486913456145375,0.3729067777079534,-0.3685361700988049,0.625718793633931,-0.7050899148830366,0.8541812484246047,-0.12040068328722985,0.36375474706355,0.3917673492493867,0.3900626106550587,-0.6426856763430563,-0.04156083908256597,-0.1507451254938707,-0.04511802719826645,0.34901004652374257,0.7114440814119619,0.8743007698175242,0.22887590564523952,0.6837884548115302,0.1754909403759945,-0.37708137601004654,0.38699325570544363,0.24545822913089493,-0.1294583679445991,-0.9343461876170815,-0.37208528108234745,0.5369126273387,-0.6912886237365421,0.6668768349043818,0.23488039535131716,-0.8143562299774305,0.10312707481832209,-0.8958750970855912,-0.8650098215015429,-0.6108238379454073,0.7220663934852648,-0.9339812393732202,-0.28823350002992293,-0.12553226328734568,0.23302957639954147,-0.6823555800838154,-0.5182655012101951,-0.27413748799974597,-0.339407674887628,0.12567981796603261,0.8617495051868778,0.9871220390761198,0.7894659229321677,0.40977733986745996,-0.6761643895122673,-0.9053742371897001,0.7457186287904023,0.9426367597576328,0.5107778372599591,0.3311790404632804,-0.058331735744611965,0.34620304300075716,0.6928050765879463,0.7322626339365043,-0.46036656895743133,0.5660285621825512,-0.26117129088292557,0.8069411946088247,0.4885231714652332,-0.49524622082529896,-0.7550044550504539,0.5585353283386005,0.06253417932478932
"XM_008372268,1",0.9024025222715358,0.42521882371404024,0.33484948096496125,0.7333804342514679,0.34147092758178094,-0.501197773420079,1.0,0.028231498519199753,-0.4263732492475137,-0.6784019864657084,-0.7105210047098498,-0.5309856931900209,0.26587384365484396,-0.7473434118680276,-0.08224054359746144,0.7086771703304261,0.4046992914161201,-0.8741634247323682,0.10136754807434108,-0.7891116606797861,-0.5609039529704118,-0.525115949797068,0.02037782281483899,0.47897793840803854,0.7421037878205847,-0.47325996600927,0.4663891950446725,-0.2709819154641121,0.5017345553497933,-0.7054048567390983,0.7414019633630893,-0.7602695648743988,-0.37945661681988746,-0.9674296308366174,-0.9171634485855907,0.08441148315348918,0.9336901213684831,0.852330956202429,0.4677274592207973,-0.535147111070957,-0.8652708042081578,-0.6406393173210478,-0.8287647580232625,-0.5224042885162429,-0.08934370773587791,0.24900083218292854,-0.4910038463953551,-0.28145092896458357,-0.8247478773373204,-0.22416858805632645,0.42902832378107353,0.5728587891638365,-0.5913003484749536,0.9568708969891254,-0.9681488974032296,-0.11491796517262545,0.6498882888114429,-0.8711872025551148,0.5103215925754663,0.750655659921497,0.17323605185626942,-0.9593365478574226,0.21629291825795063,-0.3618991028926934,-0.12735959307296135,-0.3082463260126969,0.42786870417360656,0.9888144572019906,0.9155677804886124,0.07593085038172223,-0.34675823096526365,-0.6763595688879762,-0.49953015063958045,-0.8969738812665891,0.018614137266886963,0.9661076850412396,0.5789203470643045,-0.5707897925715317,-0.47216228429862145,-0.08216584218398591,0.02256963978215777,0.6411234177684152,-0.1764257111882166,-0.698807859108555,-0.6745952952684898,0.321195972969915,0.18095250448947298,-0.20489625024648905,-0.7154173149410104,-0.561672281521922,0.3348494809649612,-0.1149738998732374,0.11988920771502039,0.24657061744688358
"XM_008357852,1",-0.12039019215996473,0.2967342162518158,0.4577425702720244,-0.5897077374071173,0.8908583516791027,-0.12162792322481276,0.028231498519199753,1.0,-0.7892549468846211,-0.15056654441407802,-0.3914116262144136,0.38697769393147685,0.2357213357861166,-0.3169687370599763,0.6200512956882521,0.13566106230077837,0.49313108453588966,0.38751425307441345,0.7561563705778009,-0.501913490669619,-0.030765749349985667,0.5782721934914158,0.40289733146622086,0.4520699089318382,0.4018952297605692,-0.14789302724418485,0.4266989270614001,0.7080816922577919,-0.47028919999914104,-0.34690608996594785,0.047277785379591014,0.1198467740984266,-0.08569438232257988,-0.1914917331088805,0.19687978580945933,0.32225990040802294,-0.005188997493186047,-0.16063159199524182,-0.6097761913776845,0.2353522772235141,-0.19298014168889258,-0.21462693970231747,-0.10986361484794155,0.5591317011782142,-0.5133906209871246,-0.9328769447503916,0.11129635722546488,0.7549005107014358,-0.4096500078039448,0.5035097887894815,-0.07321491760179774,0.7980498752984698,-0.3748907259451782,-0.09309909864015904,0.03971777010209891,-0.9334075279792801,-0.24268327544134533,0.32484062287344834,-0.0634658434777675,0.22364136080035932,0.4153835992804417,-0.042116589270318396,0.32167223135887085,-0.4917223986291273,0.9002892370830243,0.27401569587127866,0.5951224223765657,-0.011548254035654381,0.29774566291587273,0.8048882767098285,-0.7675273420498014,0.07413241333409658,-0.14479154293741978,0.030403058543292543,0.80236668271776,0.17809999249941716,0.12509747090150672,-0.03393262621176729,-0.10466283663215224,0.38582590288201424,0.17201875351051427,-0.37168657858264714,-0.38836753860330386,-0.30847617883661765,-0.1656570517558083,-0.7797817872329124,0.3558358772781414,0.5102616775733557,-0.15893715348677007,0.4874699687179647,0.4577425702720244,0.10700993992865775,0.4464771487819784,0.5958867014347229
"XM_008347563,1",-0.4291022670433605,-0.15343827709961644,-0.18175848375663345,0.04759960991919084,-0.7530933295159495,0.3862036913806823,-0.4263732492475137,-0.7892549468846211,1.0,0.0645221168247537,0.4687740931754801,0.24499692833176248,0.08908558336579751,0.4097453509459335,-0.09827661840660763,-0.14427648052056152,-0.7948180798361898,0.13725713200702763,-0.329111862817156,0.6611408633403992,0.0863011848829217,0.0445406685619518,-0.7245532628400599,-0.21004509819902317,-0.42838749835817375,0.6193317523555977,-0.17040714925658662,-0.6417177253276621,-0.16783078531537365,0.3291761854154772,-0.1292024243793059,0.1468838641898116,-0.19860720234600054,0.5706589066123975,0.3595015239548742,0.11895403334827889,-0.26432701439554984,-0.2840688923358937,0.004956439583565171,0.329726863505257,0.28191928593942484,0.19801422920716139,0.3949506813229321,-0.5037907493298549,0.2726385776147968,0.6521959298717537,-0.1817584837566336,-0.23618076902086735,0.4769153912812191,0.037462864065623915,-0.07017195161846877,-0.9628865311995098,0.24738167108930667,-0.32408844223369965,0.33879393968455174,0.9331319379442568,-0.3092641769658885,0.06710080998983299,-0.05328747477964381,-0.39162878235392407,-0.1359975703282179,0.46740420508359465,-0.4064231058911003,0.2326485612382629,-0.8370134210109673,0.3298148415414906,-0.4577630095544441,-0.4573891348684617,-0.5039322159195109,-0.4415337070641602,0.4822450491098497,0.4538916180936713,0.330669588546089,0.3027334065505422,-0.5261355179214272,-0.5704880556120181,-0.22460471594954365,0.5936453481701941,0.206000295875263,-0.5198469109181357,-0.5006641623874037,-0.21775372340371002,0.007300033453435431,0.31477704823111113,0.18883038664542162,0.3079355843979072,-0.06985078946143082,-0.013352431539788365,0.2567945334371988,0.14155357934560703,-0.18175848375663348,0.012556758949483231,-0.5102175729506445,-0.21215909465185906
"XM_008395865,1",-0.3189663584429157,-0.6079068106706371,-0.6874431156994028,-0.26688234360075186,-0.4252969482503925,0.09350081706903074,-0.6784019864657084,-0.15056654441407802,0.0645221168247537,1.0,0.6394461128375614,-0.23034626411620346,-0.8586571640969561,0.6822632813843369,-0.588491517184632,-0.8091750880793741,-0.042896378490986084,0.4350884749034483,-0.6301282202594434,0.6175383762212419,0.5228757458561183,-0.15210567515901507,0.5083227699317797,-0.9296329725105277,-0.778931917736849,-0.22157615620604804,-0.8776613024063614,0.3258362805809335,0.23505563051280587,0.8083937271216218,-0.7496220107982873,0.5083782284643296,0.9337326434120923,0.6582255242696826,0.39433995100156,-0.7703486774939776,-0.756642499217598,-0.5253509058092191,0.1696847497112265,-0.05051658260039563,0.9450824476060454,0.7267997335541797,0.5309824284407744,0.6817538277644218,0.26098626195138014,-0.12045887421355629,0.8528999353536305,-0.3131475163136468,0.9028200338410157,-0.3745708258582244,-0.21774938107145322,-0.3304506213116192,0.8249231995471442,-0.5794947784469561,0.6461821033137941,-0.047341732878898125,0.027901389872833405,0.6451073864365933,-0.3716220774053078,-0.5778679912382712,-0.46061283823505406,0.5421839870476047,0.052728228060719765,0.8329325073102463,0.25803630845500486,-0.4565816306717427,-0.5543197052377437,-0.5640220211499456,-0.8375720246309373,-0.43227512131007867,0.7292979985743614,0.005163603331496866,0.20413400102648094,0.5925889341248406,-0.3616425113664659,-0.5839109935875335,-0.4552135127646146,-0.18177154206251592,0.30508731045874393,0.2820778075786912,0.418864003962899,-0.06247289315759525,0.6647518895029034,0.7591847523703148,0.7195398736302027,0.1998995746507625,-0.7003562651133678,-0.3118621977513015,0.6538586921509475,-0.15913922230878036,-0.6874431156994028,0.13419891236127618,-0.09150724584828814,-0.8003370222705538
"XM_008347928,1",-0.6131182750522005,-0.9092900782609324,-0.8437911866927894,-0.13894051149981296,-0.7642520559501617,0.79261983488625,-0.7105210047098498,-0.3914116262144136,0.4687740931754801,0.6394461128375614,1.0,0.14775490835799054,-0.2523360696998494,0.9956316310138678,-0.2825903766189475,-0.9266479981259415,-0.022699579595002302,0.3233802321620012,-0.5134901622821707,0.9642069965481029,0.8986853562951416,-0.013843369151693178,0.21719570042002245,-0.5744637918705527,-0.978755677666716,0.4989981025531411,-0.7904561683475027,0.29619423441806303,-0.006186260424882606,0.9644864791422412,-0.9226222941056542,0.8566332908587799,0.4462398931166684,0.6340070675284792,0.42144850468036427,-0.22030404501219175,-0.8575359903446882,-0.24893105799276152,0.14574978627064342,-0.14548784534306927,0.7953349272146112,0.9562805360231648,0.9301034612970943,0.4121472256398236,0.7638899043087969,0.2768053933117847,0.15979730320731408,-0.07349434840662501,0.7432096456731674,-0.43469843633019434,-0.7779928964116419,-0.6051713008444757,0.9209852722643578,-0.7708444453798178,0.8021210533839237,0.34150815085165187,-0.497129188695479,0.3273076200203941,-0.8356354663173978,-0.9795345906427224,-0.798973852572864,0.8011480500115695,-0.7192793878923646,0.35204020583161905,-0.1458758288167303,-0.16854825277498414,-0.9297978764706929,-0.6491495419477893,-0.6971984669654543,-0.6709819847800105,0.659789283642347,0.5862097312934111,0.8521188006509433,0.8684021601577419,-0.07691151149713822,-0.8201346431177194,-0.927596336410056,0.42163863472616153,0.8704401835382213,0.4540644741276008,0.4522263956896879,0.039129972373034096,0.7145451326886308,0.9779379767726659,0.9549397420512813,-0.038696906878296036,-0.05068976945474315,-0.4965191354167007,0.9685095357642428,0.1318500062365827,-0.8437911866927862,-0.5128215497917944,0.27253282137228024,-0.530106048739463
"XM_008352752,1",-0.8277179217825459,0.13711989152588974,0.3819196653307398,-0.7779970617646728,0.2363788223111824,0.533725048112061,-0.5309856931900209,0.38697769393147685,0.24499692833176248,-0.23034626411620346,0.14775490835799054,1.0,0.6325369931678381,0.16832068677990292,0.8735268387578743,-0.037227320355400766,-0.28854764256993554,0.7251220458188732,0.7187830596715642,0.22728897271215026,0.19132757807008224,0.953013196627839,-0.4160461403335777,0.4890561968027489,-0.03370752582596576,0.7954789781053656,0.42144274490558914,0.21910432642777558,-0.9818836564874927,-0.02551447547358366,-0.16451141565701619,0.483667164422889,-0.5135623694668839,0.45746621654250347,0.7709364984642146,0.783676773223195,-0.39433631952030895,-0.5296315775014041,-0.9004836486840576,0.7432073383670206,0.05048951920325525,0.022229491192675404,0.4791934048542217,0.10981045564993602,-0.2495089252554792,-0.4216465565815471,-0.26481657225485067,0.8807220994412701,-0.02297140972309846,0.7679100435743933,-0.37495488057209303,-0.14976383522208667,-0.19041571782164604,-0.6256970648194267,0.5560778766226526,-0.06157530708841963,-0.9182416261299949,0.4829413324018892,-0.31234012080355766,-0.30815551976011524,0.32689294895886845,0.6301154118414773,-0.2829810646094847,-0.5591303475652856,0.1359790079166389,0.9098719973949725,0.16520596576074498,-0.6438149978698512,-0.18213313858765068,0.5411049040039827,-0.521880722217642,0.8728413752134789,0.41440918724895526,0.5315032070375513,0.5902644396442128,-0.5554394663007082,-0.25809812844671653,0.8960049096780419,0.28988520768376685,-0.04010887730527563,-0.3717522770383414,-0.8010409858094625,-0.5370978140910954,0.031064676191817898,0.08457829643464472,-0.8270552405149173,0.6220730664846236,0.6755095181317049,0.20508095813078756,0.9902392177992239,0.3819196653307403,-0.021054934998393657,0.11351277780404422,0.6758357783596961
"XM_008390007,1",-0.17218356370304602,0.32137802288085554,0.5233055555628501,-0.07311765868821613,0.30547654505705957,0.3759111956408125,0.26587384365484396,0.2357213357861166,0.08908558336579751,-0.8586571640969561,-0.2523360696998494,0.6325369931678381,1.0,-0.28318331604351976,0.8214592623949869,0.45642788321482797,0.030099569183564046,-0.06694955902859148,0.7420524641839443,-0.23981854360724933,-0.1095611838822386,0.49382116973803686,-0.4940914873772483,0.9260631642436725,0.44121435663295244,0.6456146133494548,0.7540090572621986,-0.05197140558921422,-0.5823403494158353,-0.48647777291958644,0.3483206499062775,-0.012674698185708039,-0.9401185285327527,-0.3217699803519477,0.003868776291873726,0.9737904824555447,0.315375865433854,0.2805909258123039,-0.4447420927981058,0.22221413501008794,-0.6628940768631979,-0.37177507755670447,-0.03883984136593384,-0.42805877644323853,-0.08037580044772936,0.0007815795456871711,-0.8858459211958783,0.6441976147931315,-0.6924462518386665,0.48291174954945154,-0.2240468533243479,0.15863482189031433,-0.5713203064348699,0.09166006384222979,-0.1747633402483396,0.0482149282524339,-0.529781287548966,-0.3611616359121495,-0.06863050063369158,0.128914093361319,0.2823619063724475,-0.057370508984069986,-0.40195163775786696,-0.946499496083454,-0.1695862000717152,0.6915786801787822,0.30668468532406773,0.1360567778266066,0.572612893503939,0.4229511347520227,-0.731356802648952,0.49742132266781675,0.24991798899611864,-0.09677273075487244,0.6232331516421296,0.13290272717030138,0.021163546328869864,0.6128776823443522,0.12382257552996791,-0.052317440944459635,-0.3175970947428877,-0.18502748384758663,-0.5877259775104999,-0.40778081176764175,-0.34088156981659246,-0.5632517272341009,0.9363347442516128,0.36560496371564094,-0.23224968042503372,0.562271122544837,0.5233055555628501,-0.3582497532529396,0.31248357100345897,0.8798360329749804
"XM_008346127,1",-0.6407550285328839,-0.9075077507158522,-0.8348084659957433,-0.20712530062162526,-0.7099999527371071,0.7779931946656776,-0.7473434118680276,-0.3169687370599763,0.4097453509459335,0.6822632813843369,0.9956316310138678,0.16832068677990292,-0.28318331604351976,1.0,-0.2626097400570532,-0.9528821024506705,0.00503227381522358,0.38422687005012734,-0.4832690510730712,0.9525913603339403,0.9141971033790899,0.02932962121465658,0.2709441070893414,-0.5890879824237327,-0.9827954697084131,0.4708362707699687,-0.7983930680393486,0.3648849582485724,-0.03564199556866601,0.974045732193315,-0.9525832900611637,0.8868590788996155,0.4897092024059028,0.6589014958670727,0.4641151006263375,-0.23732085923480298,-0.8966459798722438,-0.29970396842627467,0.09898648505891883,-0.11837165069855954,0.8311277556646172,0.969987718874432,0.9439844122731139,0.49193734035865516,0.7237602381365078,0.18968091785638913,0.22209041025348464,-0.029274412913732638,0.7610974192530819,-0.4047340766175817,-0.7841725463913246,-0.5600985030202098,0.9285790884339146,-0.8086716616562201,0.8393006845335637,0.2631610921774747,-0.51220249584679,0.39560275652045995,-0.8500113495448651,-0.9851837172914983,-0.7782847825551551,0.826084308283382,-0.6783132227971476,0.36159885679657927,-0.05843288547536521,-0.1654946930162988,-0.9023391856330798,-0.6835772759697907,-0.7222400736273707,-0.6213125088421586,0.6350454870954694,0.5889808316521294,0.8407277272203169,0.8989323818816596,-0.03699071692515733,-0.8370798039476338,-0.9317731556411905,0.40778975001921614,0.866987771236737,0.4892610855001262,0.4778364171298632,-0.0038331536740541625,0.709885399532134,0.987032510899546,0.9724568798120269,-0.0892631228514513,-0.06695624598563468,-0.461202982138588,0.9830530376804072,0.16491604056198672,-0.8348084659957434,-0.48249292985099146,0.29151411883718026,-0.5237134258054834
"XM_008391412,1",-0.4618410735208149,0.4364405509216704,0.6760646511557877,-0.5997216003967254,0.6006768220064613,0.2645050371218193,-0.08224054359746144,0.6200512956882521,-0.09827661840660763,-0.588491517184632,-0.2825903766189475,0.8735268387578743,0.8214592623949869,-0.2626097400570532,1.0,0.3441445403170688,-0.04260429401168478,0.4376639109799261,0.9570939320197546,-0.24969607478831532,-0.10432505472108515,0.8741962438985811,-0.364496621807909,0.8235114378598988,0.4132273057811676,0.56320139441264,0.7605578088683901,0.22077631255875693,-0.8924828142876323,-0.4483830702643043,0.21002815749280876,0.14634770471185915,-0.7326721333586765,-0.003886498578394074,0.4256583746819854,0.9167101205614732,0.0368306870051471,-0.20985885229496642,-0.8590465995971298,0.6021585206540527,-0.39438806818660316,-0.3484481239243242,0.06699738501011784,-0.02955603488388263,-0.44387889932337055,-0.5224484412709137,-0.4643628736955983,0.9349347261085,-0.4886938938181573,0.8241066898576026,-0.16635296761916843,0.26784056308889975,-0.5737493669125718,-0.2146215359860199,0.1263047085010228,-0.30408831394936364,-0.688475318665374,0.17768881221879954,-0.06268359518033435,0.10181069247272626,0.542713515977533,0.19153099808811916,-0.0912959009006622,-0.8384442494238661,0.26159372760096034,0.8747544248031915,0.5217360084163133,-0.2148920643116645,0.2905322253861776,0.7843821392004576,-0.8669366802587527,0.593827869619646,0.13351942422259716,0.12315841481938476,0.7661929632556757,-0.08589597869190438,0.06199983635632316,0.6536073278169329,0.02212129757794895,-0.03973522662544153,-0.37737354071210205,-0.6352050410935515,-0.749377574274931,-0.3814958186501931,-0.28905590863317,-0.8594440122565455,0.7825033472258207,0.7426103036445046,-0.18125345659146486,0.8703081800761622,0.6760646511557874,-0.010150280255993162,0.22532940987253045,0.9441875653305879
"XM_008375822,1",0.5366134625617628,0.920221575335173,0.8648375714221748,0.2421530028506235,0.5581709510132407,-0.6358030962205901,0.7086771703304261,0.13566106230077837,-0.14427648052056152,-0.8091750880793741,-0.9266479981259415,-0.037227320355400766,0.45642788321482797,-0.9528821024506705,0.3441445403170688,1.0,-0.19450544613178067,-0.39380723444857574,0.4977476036322583,-0.8345794537400336,-0.9216343410984107,0.027059959565821586,-0.5301063037982308,0.6780531499714507,0.9528058662703657,-0.23088791473603787,0.8705872169561725,-0.5526056158444658,-0.06742622971153188,-0.9753625427565166,0.9901575212814859,-0.8743700513741574,-0.6867379904770181,-0.5889452405769412,-0.40520371738263516,0.4067865967765783,0.9032946284487787,0.29990095323282173,-0.13633273659611064,0.21079260834617428,-0.8793444201466616,-0.9873434808735325,-0.8711904879473488,-0.7058349548465346,-0.6569558905460195,-0.0003019652775088425,-0.415754661856648,0.04239767343168525,-0.7601138828819414,0.46658199065125305,0.7444939580285682,0.3444220090966271,-0.9588390555871479,0.7701576532842807,-0.8086454119044476,-0.008296181240476494,0.379592232524418,-0.4649652089016131,0.839710499069454,0.9216404577485703,0.7797744534471048,-0.7442226489355666,0.5146630090221939,-0.44465906156253787,-0.19667460115875368,0.3340307494441756,0.831569802663405,0.6186676041790528,0.702057795322144,0.5579141714090635,-0.6167826033284114,-0.42240982943362176,-0.7302173088588411,-0.8628385692978562,-0.016300810242262657,0.7383479253982188,0.8903632495053423,-0.1848011681472797,-0.8059460715454215,-0.6337061933465782,-0.6494597145185318,-0.04982320391984935,-0.789734956563545,-0.9806938737461508,-0.9895400450597366,0.10712605754308392,0.18733815071190987,0.49317693424202175,-0.9684983099938439,-0.07293225841961389,0.8648375714221745,0.4239542323580978,-0.37506145167932947,0.5953223250653757
"XM_008342092,1",0.35458431103833543,-0.35609846894442965,-0.28186136525413297,0.22924392370405874,0.31563156198454645,0.11355961286861237,0.4046992914161201,0.49313108453588966,-0.7948180798361898,-0.042896378490986084,-0.022699579595002302,-0.28854764256993554,0.030099569183564046,0.00503227381522358,-0.04260429401168478,-0.19450544613178067,1.0,-0.3542478089392222,0.06835049721956812,-0.28675057578530083,0.3772460865440331,-0.2577108558307386,0.8261043028231284,0.14503650044419444,0.05593946037890806,-0.31069816266736405,-0.1268183498513372,0.7352637403005841,0.3315031871157542,0.04144404489843924,-0.20818582008955144,0.1859819979002925,0.198300140741233,-0.6078945127367414,-0.4972717747434128,-0.07843112665847832,0.0856282439514811,0.5945775125143237,0.3033125945148,-0.7149705224154635,-0.18678515664982892,0.22250907693190955,-0.03757848058201017,0.48767718284419226,0.34487269142715576,-0.25753834181857155,-0.1260220553089799,0.133314934658864,-0.40882730033537396,-0.4577171210715948,-0.42448377471932586,0.767116379696242,0.1316522908923775,0.1918929968012155,-0.20096562065675339,-0.6740509018506541,0.12786323274691874,-0.33642386443154293,-0.4166489141743535,-0.03647865563263849,-0.42490756203971275,-0.30138606047287103,-0.19415691874598856,-0.3033197858506351,0.5930435865052024,-0.5169714133930096,-0.07480159830239584,0.4586849562042243,0.5047073285111896,-0.036654943428762576,-0.2259682601020672,-0.2127069111803993,0.19811540669323932,-0.05104453208895055,0.5823747071464666,0.404784165160025,-0.27311812630261584,-0.4155934387957858,0.32884541420310837,0.8619412224046108,0.8493402565449735,0.5765419681222164,0.41628342948890434,0.08655987844600162,0.21717554508761866,-0.26613961663356817,0.3066210821838561,-0.47426935486466126,0.1599530334891602,-0.2313111563847748,-0.2818613652541332,-0.6031790514247833,0.8751668779702382,0.04647763509286198
"XM_008346561,1",-0.872880921729459,-0.035530197630575945,0.10269818578290972,-0.9683466769205108,0.1458717740771116,0.2798645866644304,-0.8741634247323682,0.38751425307441345,0.13725713200702763,0.4350884749034483,0.3233802321620012,0.7251220458188732,-0.06694955902859148,0.38422687005012734,0.4376639109799261,-0.39380723444857574,-0.3542478089392222,1.0,0.3379710133834544,0.4068139733552694,0.28521294483466225,0.8174780433696418,-0.06220602249149815,-0.14482309154310236,-0.3501325068882171,0.38521350724393444,-0.06294394540807456,0.36741968537759334,-0.7635339382431935,0.32109198061829264,-0.4656329656640346,0.5859063125454858,0.16468986573695518,0.8224128933403686,0.9720919011021115,0.155364521583129,-0.7379877682231206,-0.9306278830222098,-0.8059650122311987,0.7766431679578353,0.6024889660387825,0.2890754429363226,0.5803925004715303,0.5507452789071541,-0.3365729134516382,-0.6345979964663803,0.46774370137688026,0.6063528575434693,0.5208470597082749,0.6110979156180315,-0.23224830556349157,-0.23187610396825267,0.18795220707099783,-0.8427435083922751,0.8230517999450101,-0.22145600810698285,-0.6801982578981876,0.9529696713483052,-0.28935944644886735,-0.4312058094008855,0.24557297412408885,0.8040481725208499,0.07645736655182676,0.08460355518215361,0.41212436795135243,0.566692509919095,0.0397510382356069,-0.907321604198086,-0.6861103108201244,0.415529166202132,-0.10608040010551352,0.6320594999788174,0.23641809997253646,0.715587607088484,0.25812756104665047,-0.7649352813056357,-0.2804185153225755,0.557924882232692,0.19423970607402638,-0.0004017925576531381,-0.20034887308874233,-0.8890515391790452,-0.22854570598995436,0.32405963379591785,0.34479400905033286,-0.6064559042569225,-0.025119248227130093,0.6042971714725233,0.399603853412374,0.7859906834302117,0.10269818578290965,0.34081593135511234,-0.11990789868411526,0.14527227049793662
"XM_008392658,1",-0.24470842655032315,0.5938400973878228,0.796579869177055,-0.5431405279781781,0.8025511000512136,0.010640452629946711,0.10136754807434108,0.7561563705778009,-0.329111862817156,-0.6301282202594434,-0.5134901622821707,0.7187830596715642,0.7420524641839443,-0.4832690510730712,0.9570939320197546,0.4977476036322583,0.06835049721956812,0.3379710133834544,1.0,-0.501780437268276,-0.28334827613920144,0.7897375746807979,-0.2546027387374351,0.8548450080222357,0.6132773762026612,0.30155439564909414,0.8466307314965921,0.24049923448812377,-0.779625757816988,-0.6269883719088352,0.37579637171770874,-0.05213666539930172,-0.686659161440418,-0.18286365899263846,0.27142428228027193,0.8242453925370409,0.21863977682436656,-0.1332934918344238,-0.8123904903482521,0.5404771957174885,-0.5213951461061446,-0.5216471988739798,-0.17366391098729841,-0.010074570305110893,-0.6064663964513084,-0.6403301693138099,-0.3802189679258939,0.885439515330723,-0.6244519894511722,0.8287046352828528,0.025486560905930343,0.4935308272490461,-0.7198600004304191,-0.012496068134470694,-0.07328770212838286,-0.4870686977195834,-0.471766429069523,0.12231706322494289,0.12129050193781127,0.3367073079828455,0.6734114896995778,-0.03748962216526336,0.14409238291602328,-0.8256611514136238,0.4038207464828122,0.7676907141392034,0.7210956817499852,-0.022863096786161184,0.439683774656299,0.9075015735893944,-0.9651077827034866,0.34690764181660444,-0.1086372381123346,-0.09090045519813222,0.766165586415706,0.1497222498088392,0.27438873812397857,0.40914885513325117,-0.1916993265521109,-0.055447884484234176,-0.35806772730992315,-0.5684141593681025,-0.8118206915430454,-0.5702989857279861,-0.46606608335792826,-0.8069838809706957,0.6906698577213959,0.7796379671450193,-0.38387531720338214,0.7383053089009616,0.796579869177055,0.12003264700490064,0.20343736738578264,0.9645972790352871
"XM_008340249,1",-0.6870164734065455,-0.7753753041836958,-0.7294810694533478,-0.19816951925400442,-0.8130161030993291,0.7356760219690354,-0.7891116606797861,-0.501913490669619,0.6611408633403992,0.6175383762212419,0.9642069965481029,0.22728897271215026,-0.23981854360724933,0.9525913603339403,-0.24969607478831532,-0.8345794537400336,-0.28675057578530083,0.4068139733552694,-0.501780437268276,1.0,0.7627604093824155,0.06294024954273347,-0.01507419853260654,-0.5803673025537261,-0.9507016035834319,0.5691158601676999,-0.7174003164950958,0.09095058316871275,-0.10237816602743664,0.9107164116678628,-0.8285063759821735,0.7750154013628204,0.36659999608005844,0.7685447126305954,0.5393298493049304,-0.17989002859980863,-0.844950151497727,-0.3963050195306529,0.0521700626757989,0.054301901426694964,0.8078032288210237,0.85613383702398,0.9042453522950286,0.26429708886747527,0.6399780363488684,0.3313217101926841,0.17900098126827937,-0.09671985420651057,0.8157854543630816,-0.28902104137179535,-0.6377842693120657,-0.7824629678729298,0.8437739416444426,-0.7925460375697144,0.824009302534515,0.5053812891756928,-0.5189145092942344,0.40260568830903304,-0.6937428991656385,-0.9306390539896824,-0.6507241039095211,0.8507527042687336,-0.6429863621098825,0.408258693310695,-0.29683136618167694,-0.015920526402278576,-0.8691947971127683,-0.7459547121953672,-0.7988071830143625,-0.6282823887803074,0.6847522800177551,0.6262849135841855,0.7689684825486043,0.848470095969535,-0.22003995336716842,-0.8953308500941831,-0.8189083827238013,0.5228524792545086,0.7505573457094875,0.20766698303952694,0.2057030058270175,-0.1198484442391192,0.5688200277594012,0.9125557394625372,0.8567843800383186,0.02496754588508366,-0.11981653728263772,-0.3452411177422229,0.8862583085006606,0.19639771260009106,-0.7294810694533478,-0.33544661448296537,0.03336809390782535,-0.5112053667906374
