,"XM_008378954,1","XM_008358718,1","NM_001293983,1","XM_008339015,1","XM_008378862,1","XM_008381409,1","XM_008372268,1","XM_008357852,1","XM_008347563,1","XM_008395865,1","XM_008347928,1","XM_008352752,1","XM_008390007,1","XM_008346127,1","XM_008391412,1","XM_008375822,1","XM_008342092,1","XM_008346561,1","XM_008392658,1","XM_008340249,1","XM_008357031,1","XM_008342489,1","XM_008365736,1","XM_008353259,1","XM_008385535,1","XM_008392645,1","XM_008346577,1","XM_008392118,1","XM_008388475,1","XM_008353031,1","XM_008359318,1","XM_008392497,1","XM_008389619,1","XM_008340728,1","XM_008341644,1","XM_008352864,1","XM_008353321,1","XM_008358077,1","XM_008339343,1","XM_008358066,1","XM_008390606,1","XM_008360876,1","XM_008348542,1","XM_008377120,1","XM_008375192,1","XM_008379224,1","XM_008351661,1","XM_008364214,1","XM_008395973,1","XM_008395429,1","XM_008341462,1","XM_008361055,1","XM_008367891,1","XM_008364242,1","XM_008371859,1","XM_008373586,1","XM_008366883,1","XM_008349204,1","XM_008343281,1","XM_008352749,1","JN381497,1","XM_008375404,1","XM_008349498,1","XM_008356729,1","XM_008385618,1","XM_008348256,1","XM_008368498,1","XM_008346417,1","XM_008392579,1","XM_008375174,1","XM_008372502,1","XM_008375050,1","XM_008344638,1","XM_008392222,1","XM_008380349,1","XM_008382862,1","XM_008366401,1","XM_008370181,1","XM_008382964,1","XM_008351730,1","XM_008388172,1","XM_008348226,1","XM_008393407,1","XM_008352977,1","XM_008357035,1","XM_008369353,1","XM_008346320,1","XM_008377122,1","XM_008370383,1","XM_008348634,1","XM_008386805,1","XM_008387564,1","XM_008366364,1"
"XM_008378954,1",1.0,0.02340460169360791,0.445564968334701,0.9717961740186352,-0.7390284499689826,0.7739033025516078,-0.6047487070085511,-0.8828270072958603,0.3435487820568397,-0.6151413264975325,0.8541323719939256,0.01181037332658135,0.6089503473340732,-0.026784950750518816,-0.45261609730041996,-0.2374559103731501,-0.667308311613293,-0.6144870693771611,-0.7510539627406237,0.3125028163081686,-0.08738956317971609,-0.645319687782735,-0.542358772964077,-0.6009518702848046,0.047083711592620654,-0.9241380092779476,0.8902323287481927,-0.5200048229130653,0.07964000617314898,0.9169758108656121,0.9501686966575522,0.7701354115297306,0.7222331024945071,0.7909344213042795,0.4660680003650131,0.12239861818354748,-0.6909119438961736,0.7851707203860152,0.9399846891068779,0.6766925195861084,0.3600582088538251,-0.018287177171050266,-0.07412207479970864,0.56484653184658,-0.11410139633113527,-0.4325733786762654,-0.8450411832944891,0.3276941092235651,-0.003373804569985243,0.8776301118070396,-0.9646380560571748,-0.3565385289222005,-0.5546130305726003,-0.4890055287484777,0.7438253137488179,0.8606622757189175,-0.5183213088713943,0.6199396481320145,-0.875160606765923,0.8093358486390755,-0.6628031480849276,0.6268995668205973,0.12253991752593384,-0.5314778965858734,-0.6869509405591658,0.9149088316941004,-0.6628700709702502,-0.4380460045945951,-0.45998410757606173,-0.2144709941450227,0.7507556035220637,-0.6882626562118991,-0.4270237148526385,0.445564968334701,-0.9528665354341413,-0.44032673532363065,-0.3018557968127024,-0.1874293852053701,-0.6507789614121143,-0.7035350385743521,0.4800117381928897,-0.9692694892949716,0.7561517351824311,-0.5550170407828291,0.6857577414583002,0.417918261288569,-0.7197312432747999,0.580857787410517,-0.7054212243901695,0.18907214938220573,-0.08726520961614581,0.300213164941745,0.6612087629241702
"XM_008358718,1",0.02340460169360791,1.0,0.05637203513749923,-0.08751520630527845,0.10904420915555897,-0.10967412249863542,0.6203663783615982,-0.1436753290339897,0.8459638060481399,-0.7677632158157766,0.2764095087803513,-0.4067906182212414,0.3452626979999933,-0.8110363333759679,0.36398234499286053,0.9265715714682118,-0.21264047400034872,0.35831592148992786,-0.45030227012372187,-0.42212686948397116,-0.6069971062988829,-0.5353012567387705,-0.7856522584609382,-0.44420734408042056,-0.5589691775706813,-0.16363304514296115,0.11628401718855567,-0.2638739773088483,0.3136018590813339,0.08755292124743642,-0.20672815738757783,0.5471796577777438,0.4194100098931401,0.6195803761299764,0.17727305620416636,-0.1764782485716338,-0.1395441976174232,0.4642165866586626,0.20369889964138943,-0.2399379751603392,0.45611958179979656,0.0750686783759665,-0.9668332247775627,-0.7530624863311552,-0.2596759328138045,0.24586359711183092,0.18963957483770472,0.3710138067013356,0.9426747922163429,0.10622631551676831,-0.03917508731026639,-0.8899924467524474,0.2520436876018399,0.7056152745668526,-0.13212760932121032,0.35372960552259,-0.010779584283511827,0.4973081712530895,-0.25677613225602136,0.4495913087255241,-0.6044241843529503,0.6148477163037612,-0.3564619722617507,-0.38586168953954697,-0.2976128556401642,-0.026613556836837013,0.7074895729651632,0.6375476226507747,0.14113723463289604,-0.7097377584305249,-0.1515629995313395,-0.48450239896184777,-0.3438886505365594,0.05637203513749923,0.10244558534411462,-0.5399092090386741,0.14224219176829345,-0.8309951240412701,0.6787136994641639,-0.5101492320529298,0.3943033011929826,-0.15423103019487183,0.49890495843074234,-0.3475939299948967,0.4440650372688184,-0.2698211080921951,0.25743207847972693,-0.7552606844195119,0.10673181547713996,0.7196656611712297,0.26790362655965977,0.7931884850027221,-0.04365943495842626
"NM_001293983,1",0.445564968334701,0.05637203513749923,1.0,0.3910885600670905,-0.8588379931319329,-0.1296065484330277,-0.4682432820584427,-0.7830271501601505,0.20000159999520006,-0.49139023149838895,0.7670052107864432,-0.14497306252676923,0.2569462248101013,0.28771849454938425,-0.5032654130577612,-0.06859757857846278,-0.8351341257739084,-0.5036018467940773,0.023148724972616722,0.8188994406595965,-0.09350499459570334,0.04121883296650184,-0.3768449195347993,-0.426279087895127,-0.19999999999999987,-0.6968633675707775,0.1158617332109334,-0.8171881159930592,-0.11023209637097918,0.7521516190339701,0.4667910254104224,0.4924521287403076,0.6690838199976563,0.34180406975266736,-0.557592970244684,0.5501474943926881,-0.038355193555778884,0.6853806361574374,0.3344091097385686,0.5935865796913419,0.6947898834964857,-0.04572939386267973,-0.03839146362639444,0.1108830282094418,-0.31243681468829804,-0.7001091815035919,-0.728079117152048,0.7523767913582168,-0.1680651910946164,0.7616375825801651,-0.6235134299689454,-0.11445412453270558,-0.718329721514241,-0.08178157677108289,0.8424767301987947,0.6699955420489071,-0.6620950398045524,0.5057958377848863,-0.7588605467893943,0.5442058696715226,-0.6524246295419511,0.3434726631240153,0.30755601129778054,0.3274518766613021,-0.794881570341209,0.15527510485491064,-0.340998551739795,-0.683314734555692,-0.4840431363076764,0.2342235163287727,-0.0053516507858978905,-0.12973562678929104,-0.7866531961487181,1.0,-0.6185940158753642,-0.7615991226383153,-0.8205666071490346,-0.1473195937508794,-0.49293085494536404,-0.746318407380224,0.8485514871799799,-0.4828713049168577,0.6852740201799296,-0.9392575581173825,0.74562607150952,0.7077829117146314,-0.6441907201265017,0.3889723902487878,-0.8136225698271816,-0.05988179124062274,-0.31622776601683783,0.016769490247129825,-0.19999999999999943
"XM_008339015,1",0.9717961740186352,-0.08751520630527845,0.3910885600670905,1.0,-0.745776520491387,0.7207012640453162,-0.5840988817720449,-0.8562555779770028,0.2456782985051253,-0.4862340972804292,0.761293594387846,-0.09197190154052337,0.4199840591676715,0.11396248394621437,-0.5514323718508108,-0.3624142888829376,-0.6709687121409686,-0.549890413084812,-0.6962524313783307,0.27635821709441916,-0.03597364454673118,-0.5667642025726518,-0.38862966705432417,-0.3969310791166544,-0.034298026610462606,-0.8893345503687621,0.8128802969826389,-0.42438825020260584,0.14485457685147593,0.8765681072537389,0.9693573662350049,0.6649979711190168,0.5586985429150343,0.6904537234512775,0.47358552121428815,0.22959677516127297,-0.6784196256448688,0.7071229604858454,0.9480607262139336,0.6538563438836028,0.3826518408908204,0.15126799269025476,0.05927642644202482,0.6642177118281022,0.10117802607417928,-0.5104275803993992,-0.8664355932240596,0.13550757908078465,-0.13782132170128694,0.87024577491912,-0.9464081536264112,-0.21368933211702942,-0.6481648045303322,-0.5827103143435617,0.7705768858114695,0.770668836332622,-0.4422870197818096,0.5408225469825958,-0.8312645157625331,0.7284046854739074,-0.5745221018380267,0.5284871737387549,-0.030963740475079844,-0.5695783880358778,-0.6849068500987352,0.8739400926538872,-0.6912046548698926,-0.4708312276145918,-0.6124802062030298,-0.23346453389333832,0.6630329495140572,-0.5757470789869834,-0.4336062308364005,0.39108856006709036,-0.9492026664586771,-0.30366041576390806,-0.35062106461529247,-0.08632980075163361,-0.7245723150497125,-0.6481048147239353,0.4447827158898905,-0.9412215291159705,0.6155915445690252,-0.48661478166637845,0.5300514521478356,0.4287841700260026,-0.8187549443093833,0.6524147510078095,-0.7540838517897207,0.12245469773533918,-0.26509083211901674,0.14990534606970143,0.7749684640987964
"XM_008378862,1",-0.7390284499689826,0.10904420915555897,-0.8588379931319329,-0.745776520491387,1.0,-0.22288901551712845,0.5658748025710777,0.920525201321739,-0.24671372822169885,0.47357422554603784,-0.8017019720151419,0.27284921852030586,-0.31901278727658117,-0.433889186182615,0.5482358471994331,0.274991282617818,0.836774984727478,0.7041006489497535,0.18885957726084565,-0.662066372825061,-0.14146825832534837,0.23823263276083814,0.2837101556374567,0.3745196951059535,0.22710270762121693,0.8405031840616142,-0.37157021770270565,0.8145919040902992,-0.16843298107858087,-0.8863464603091493,-0.8238535646625009,-0.5024074307595696,-0.6508317902441954,-0.45327319496425195,0.17294074263865586,-0.6747921007265427,0.45270177225995806,-0.6910338234932438,-0.6328957018406334,-0.844309422913534,-0.5946092537617359,-0.004595679610149104,-0.16169814886892095,-0.520284561414274,0.13755092557300538,0.8800776077131556,0.8850021937503586,-0.49982992700660206,0.3264449178719686,-0.9041442526887983,0.8338459540708869,0.012512578149378914,0.9201939449816885,0.5031267002275266,-0.9394661272988855,-0.7137089590632443,0.49172285337919514,-0.41667740867987024,0.8636256397540678,-0.5761301143311113,0.5887133095553471,-0.5032523562777901,-0.1770025226200706,-0.026931540981499823,0.8097659507561548,-0.4347818993869827,0.5868971537951676,0.7983780434969779,0.7387514295222578,-0.16549467814169497,-0.2965528356426995,0.1770287197358993,0.6647120171885157,-0.8588379931319332,0.8425267942120503,0.5107679965477963,0.856623966673587,-0.06302092672178417,0.7700789385961087,0.7939239841642592,-0.8272140772526668,0.7052680918539777,-0.6756143240883099,0.8266030588462835,-0.6505532880018934,-0.8472802784553861,0.9001840306829774,-0.6859694923352084,0.9777821666939754,-0.07414270602846541,0.5300537263313781,-0.049362053693622766,-0.26944266855959226
"XM_008381409,1",0.7739033025516078,-0.10967412249863542,-0.1296065484330277,0.7207012640453162,-0.22288901551712845,1.0,-0.5039499806224887,-0.3946877767149427,0.16683537647498278,-0.30719397937497395,0.439719529282691,0.362539704838459,0.6787243222788272,-0.20583304664527405,-0.04597375913512806,-0.2416642945828256,-0.059932485547594644,-0.5270968622816536,-0.7397777268708409,-0.05711057096628414,0.0939987787629174,-0.6891598368248533,-0.33092281735089746,-0.5460298768405543,0.45015502055996576,-0.49525681556942625,0.9244463453736528,-0.10036647500395342,0.002902154657635435,0.4836942229756326,0.7038285574313445,0.4708767492137406,0.45471740190395454,0.5756033902352905,0.7912101828821714,-0.3334009725988556,-0.6985541851064682,0.3416752855817074,0.6724267551875648,0.435960268392467,-0.26267991150055275,-0.30605835404785786,0.010509935131460977,0.5675867140377073,-0.20328819456168815,0.05109241301913726,-0.3967344205918073,0.0507673845763774,0.058190349759886156,0.3786376714165861,-0.5940789742553488,-0.26564198118380233,-0.02917801330349252,-0.5153203908915552,0.19652234788376063,0.4800638306664657,-0.18276011885634721,0.26680574477203495,-0.3963282560813197,0.4629957621235605,-0.21393704718451942,0.4313937124314684,0.2729529785626146,-0.5855732731951656,-0.09323158859778624,0.9005748138623871,-0.6012131827541399,-0.13329608060326503,0.04326533235681826,-0.13340902689591697,0.9668356951559879,-0.6488784258851698,0.20181539606063023,-0.12960654843302816,-0.5997747235432773,-0.004856317590324063,0.25100299670927795,-0.004109388030458026,-0.41684129003590586,-0.18647385253385235,-0.10348077801696061,-0.6724374424236589,0.4159334291284289,0.03645180861773875,0.3371107839046941,0.04950606924233623,-0.22998405822908444,0.44250087809746147,-0.1471236645996149,0.1744894125669622,0.3109662973208614,0.341399057946429,0.6436459981870758
"XM_008372268,1",-0.6047487070085511,0.6203663783615982,-0.4682432820584427,-0.5840988817720449,0.5658748025710777,-0.5039499806224887,1.0,0.5214917842838073,0.44160860810693014,-0.036927319864024706,-0.5295654937535198,-0.5923913548149952,-0.28495585742939455,-0.41208808886503584,0.6328941461181181,0.7549937792685011,0.38726233452511544,0.6576968523552118,0.14721652185693748,-0.7920102181401057,-0.14293253318738336,-0.114240489622035,-0.0081778621794036,0.3132515853686746,-0.6368641804612198,0.5553889715222264,-0.5211162407887718,0.22891184279310375,0.5532329384521977,-0.6207927564116288,-0.6555252989344855,-0.2781688631100519,-0.3702036241976835,-0.1281709828003394,0.07238121435095703,-0.0075088050612075,0.07807107228488114,-0.33460597258477087,-0.37963228520871056,-0.5268817158703811,0.008612212442668181,0.20137622737953564,-0.48302480000695047,-0.691679222031757,0.14015929406388994,0.3135873748266154,0.7435845759248267,-0.29159263819387,0.5650244701989069,-0.5393642700880217,0.6288687554290524,-0.24978910175468172,0.41185902860769613,0.560839841764708,-0.6429701950858585,-0.47015247885472583,0.6805624874416357,-0.27859902226497524,0.46448187320600104,-0.361867167665015,0.17795824144264508,0.10299293633544958,-0.6173986507654974,-0.12625711090008,0.32399058228443356,-0.6249047297347783,0.9523619709303075,0.7664647083478956,0.16155601943199616,-0.4604717945526388,-0.5741154895660986,0.2568123231520574,0.18073606782540586,-0.46824328205844273,0.7202112954028251,0.23820471384576566,0.2586426210482278,-0.2577675819287409,0.8359679091342858,0.13761705689846473,-0.06950036551874407,0.5411136780369578,-0.3143625004922296,0.30374848263033744,-0.39322799274681686,-0.39271117395352645,0.5313527019764585,-0.8211068159161933,0.49146738956609753,0.5754817659280839,-0.0511940139861568,0.37709051296944485,-0.1310116023044518
"XM_008357852,1",-0.8828270072958603,-0.1436753290339897,-0.7830271501601505,-0.8562555779770028,0.920525201321739,-0.3946877767149427,0.5214917842838073,1.0,-0.41231273536106366,0.7091806851878371,-0.9495860556266511,0.21064710904528897,-0.46634251747589,-0.08427120137592128,0.5689000043936911,0.11902949476227043,0.9167921476437239,0.5588965223374467,0.5334437236809597,-0.5297722507252229,0.18063352189623127,0.44936717360488504,0.588068383620164,0.5554572357251476,0.22705467641635918,0.9816471302386347,-0.6223133951783306,0.7451520798547491,-0.09600391259042201,-0.9875527301995018,-0.8524554469819458,-0.7924720530974709,-0.7854250792210382,-0.7444879530208728,-0.06273734890272323,-0.4069679013051957,0.49637365213770485,-0.9057533416462592,-0.8437130424685253,-0.6971144716250105,-0.695722834826665,-0.09954868523320157,0.1473194851747106,-0.37113117394502715,0.12904317227910422,0.6589018515978295,0.9219581434048282,-0.5350442717217635,0.0158423199265984,-0.992793430257473,0.9607019585129409,0.3552662118907486,0.7607444467182276,0.30905462806854134,-0.9265758241938192,-0.9202706864387443,0.6373360519569332,-0.7091519455672805,0.9905052375549622,-0.8452505237699306,0.8246166098870888,-0.6340979181690919,-0.06736484365567123,0.2844226671432574,0.9203082449758717,-0.6597560319414085,0.5138147705866396,0.5532706549482187,0.6389484738590147,0.16428162252667247,-0.4106093654144188,0.5355865342168763,0.7567118770146151,-0.7830271501601503,0.9355168666126839,0.686041370709997,0.6312008053923835,0.2789840494900491,0.6203480435219597,0.9052434011714702,-0.801078933730209,0.9053724649543605,-0.8471731084839911,0.8672171892251545,-0.8109068735828663,-0.600810397516439,0.8370257009443289,-0.5046621590078092,0.9051483826052149,-0.1744305147916786,0.29775982097432674,-0.24275011061298815,-0.4131861139104105
"XM_008347563,1",0.3435487820568397,0.8459638060481399,0.20000159999520006,0.2456782985051253,-0.24671372822169885,0.16683537647498278,0.44160860810693014,-0.41231273536106366,1.0,-0.8632541870708763,0.45595079603290556,-0.5635374793953304,0.5841084181834256,-0.5470589515295182,0.3976308722566423,0.7948638166398427,-0.30985727224697124,-0.11043976588889608,-0.5046905641820825,-0.35592343086432704,-0.20749243304638226,-0.8148818891230608,-0.7463394113128354,-0.5822089639815222,-0.6000007999936,-0.38283244362246155,0.3104913784793708,-0.5986390783550908,0.6386777614126667,0.3371254221689212,0.20861013703797032,0.5747903072100403,0.6290944688003491,0.7392043352388852,0.32843866055239057,0.1502354753954161,-0.6099819507184572,0.5449794026437605,0.4337692560416306,0.27066156892990634,0.4032109944402534,-0.13717898408752616,-0.7428154993077444,-0.34009905952338115,-0.3921565531978696,-0.15362144286995583,-0.03533704184345367,0.4404544706895257,0.7276130015320587,0.3431788884854531,-0.30070503558030653,-0.7628770386757975,-0.10402368242173515,0.23338030447616065,0.08818699899479487,0.4823153897318107,0.1091042791300517,0.3776186388456528,-0.47589976390012045,0.49057571310659603,-0.610467754245715,0.925113969403725,-0.22918576495705198,-0.40633906000734127,-0.39310919132818456,0.1661577887191417,0.4221001202487318,0.2905032210821394,-0.13100538539948142,-0.5265637998429608,0.1719585886060515,-0.43407653575940075,-0.2943218274524269,0.20000159999520004,-0.1698654452689847,-0.45039871153891986,-0.1626368014767107,-0.5334624129073444,0.3128152165371249,-0.7185149609849257,0.6241077030755849,-0.36680125164889504,0.6731413356799235,-0.46292995248838825,0.5515438405836066,0.17847158559590823,-0.05769305754386882,-0.36399733430067915,-0.21515836413518996,0.93494871904905,-3.1622713356975055e-06,0.9278715656696563,0.2000015999952001
"XM_008395865,1",-0.6151413264975325,-0.7677632158157766,-0.49139023149838895,-0.4862340972804292,0.47357422554603784,-0.30719397937497395,-0.036927319864024706,0.7091806851878371,-0.8632541870708763,1.0,-0.8092320814768037,0.279507088810625,-0.6958968509059985,0.5670045721009617,-0.0008587582422615872,-0.5805391092882329,0.6356603924862195,0.21553901064009304,0.6905626915144857,-0.03652723759190726,0.4684600385391181,0.7364856627289138,0.9526926680925856,0.7928002234527043,0.3801976556142185,0.7229109808769953,-0.5730700845718262,0.6773213674456153,-0.24140557883156466,-0.683299545536495,-0.4212765657271316,-0.8951317866690996,-0.8686071364520419,-0.9334265696069264,-0.23806373250915033,-0.028255977365503015,0.4825887526001091,-0.8754642384702738,-0.6645115373919923,-0.3305002806562726,-0.6125715682307084,0.07248649330578606,0.766740137219526,0.25441634838688415,0.4213533887058243,0.17423272362521394,0.41581694207042463,-0.6691546958869927,-0.6735417309750257,-0.6627893683168496,0.6349121589847356,0.8726228245918065,0.21656615541704272,-0.25175044722629814,-0.43059119193350875,-0.8398827867010636,0.40339852923283387,-0.7641447190649187,0.7837112098053042,-0.8440813866283889,0.9086364597512756,-0.8764776278471209,0.04345700989992925,0.43270994689552245,0.6992214752226129,-0.4730491183940375,-0.10999992372601539,-0.08812805686684978,0.16531122634519388,0.5224978034398143,-0.31478569385745037,0.7337532914127057,0.590679882499022,-0.4913902314983887,0.5222372925995429,0.7964896847984172,0.21604925314225326,0.7201152080665728,-0.07714858219369428,0.8867813994269985,-0.7160669856645504,0.6889776820851027,-0.9283403326261347,0.7389133469206338,-0.8694481368589226,-0.19075360189524382,0.26555364478851873,0.18056578051939634,0.42606834297340423,-0.6417111448351057,-0.14200400692482404,-0.7921712240294273,-0.2020990544121678
"XM_008347928,1",0.8541323719939256,0.2764095087803513,0.7670052107864432,0.761293594387846,-0.8017019720151419,0.439719529282691,-0.5295654937535198,-0.9495860556266511,0.45595079603290556,-0.8092320814768037,1.0,-0.007693446604575011,0.6331095036556006,-0.14894369543492175,-0.46851942984548633,0.02027286056902051,-0.8596508619197225,-0.522220007527406,-0.6109672651198139,0.5399935640846272,-0.33175686880399163,-0.4810202702606198,-0.7604196292311189,-0.7541124149546741,-0.0727308976829996,-0.963054888965774,0.7016192135258349,-0.7306092550180854,-0.08214256958035318,0.9664758923735629,0.7438558100774614,0.9027429460091658,0.9058360955019533,0.829809600114068,0.06562114997887866,0.15891918822460252,-0.4068119902570569,0.9592572146459056,0.7919128066524963,0.5890896998222034,0.6384158687683589,-0.048794530908530684,-0.3340329316092189,0.18993944119588074,-0.3297788102735781,-0.43790512365517575,-0.8421263472871812,0.7047417096649484,0.17948329022154216,0.9308562722030679,-0.9223654597087849,-0.5409619015365195,-0.5396097640406141,-0.11258178484921662,0.8252104680873493,0.9852276056327585,-0.7536709480089454,0.8228654151556091,-0.9717619062969088,0.925335593810839,-0.9007994727058424,0.6512292414355831,0.2231519990912814,-0.26705686817808666,-0.8705488915457787,0.7002576762303792,-0.44623774835000934,-0.4228840975990254,-0.3741900501778422,-0.18965618974431026,0.4768280104159593,-0.6994958136766911,-0.7214404417689753,0.7670052107864415,-0.8823082173122724,-0.8322114336496755,-0.4531026203382737,-0.45351948100757367,-0.4611823793828876,-0.8824459384708814,0.7323122705760625,-0.8975696715528976,0.9469418400894828,-0.8736241471488614,0.9432341955190379,0.4477726654098449,-0.6362376618804042,0.34696877269517323,-0.7454241937836962,0.175185338108407,0.002624910162207886,0.3684793460021942,0.25685922056611665
"XM_008352752,1",0.01181037332658135,-0.4067906182212414,-0.14497306252676923,-0.09197190154052337,0.27284921852030586,0.362539704838459,-0.5923913548149952,0.21064710904528897,-0.5635374793953304,0.279507088810625,-0.007693446604575011,1.0,0.25147909197645224,-0.12198366666561368,-0.08381302826317626,-0.3880768097663859,0.29947673830192945,-0.15029064056763808,-0.036758098360399116,0.3435857302469079,-0.06562055482613134,0.26434591413808245,0.04800657110248506,-0.2687241093624021,0.9670987841975294,0.09752470477950184,0.2984218540841677,0.3310865480279728,-0.8453322253027858,-0.059397809499591114,-0.07271325002315669,-0.0016782731674064263,0.04239503721080105,-0.13867847324003343,0.009856001745427752,-0.7097600847923703,0.34110479609377986,-0.13368572347259752,-0.18031971284709783,-0.16339942251764536,-0.5227501672303669,-0.4255042803374445,0.18459968853742836,0.11663282250138489,-0.31356944727918595,0.530827332441917,0.005904630146852216,0.15197500633389963,-0.13694796904687423,-0.201394906309987,0.043258608557756394,0.08643059260397772,0.4816372417228052,0.002883241963920837,-0.15712147945072724,-0.00033953853504667923,-0.4220248143458445,0.05375797041086935,0.1972548776629347,-0.0074170888793708934,0.1912177234852844,-0.4367160082815951,0.7046801199564497,0.1944052830463176,0.3383661067249417,0.3079789164856552,-0.44486722554305813,-0.08029709256665105,0.6706681587678784,0.3764167145555099,0.42224981314322646,-0.2546782690222312,0.3593202369691185,-0.14497306252676562,-0.02649395335180522,-0.021297244412886752,0.5146531400102824,0.06603579264966433,-0.10752740081485758,0.46316211506801974,-0.579600642706738,0.016809941409274217,-0.0658518525977056,0.2779531916194406,0.06858896999831378,-0.3340516643678213,0.3510794459519046,0.16230822071794734,0.38606926951906123,-0.6098905972925031,0.7460771010207478,-0.2637941913333044,-0.28763230072041523
"XM_008390007,1",0.6089503473340732,0.3452626979999933,0.2569462248101013,0.4199840591676715,-0.31901278727658117,0.6787243222788272,-0.28495585742939455,-0.46634251747589,0.5841084181834256,-0.6958968509059985,0.6331095036556006,0.25147909197645224,1.0,-0.43107773300513524,0.2972741752438381,0.3215286817110548,-0.16585163139701659,-0.6310818200465528,-0.5548518869157537,0.09434263366908137,0.019308503143156262,-0.7440475688082503,-0.6887106522531152,-0.9572680927315392,0.2634064885917833,-0.4976416533722515,0.721985742667703,-0.5962292406524784,0.06380856425341734,0.5161671341740234,0.46961428299041097,0.6189999469347404,0.8657234690863986,0.7049234519825431,0.37952304093117545,-0.2250544930829149,-0.6170408255209299,0.523741739174153,0.4420967050385882,0.5336149796121356,-0.06914096814503207,-0.6935370305621398,-0.39758615146557535,0.0765568896825466,-0.8061327909524849,-0.007973480459289974,-0.24972385150907897,0.695545447638022,0.4148774208960396,0.38160313385782957,-0.49047145196163544,-0.5823336500299208,0.027278062095356787,-0.11189813466459522,0.1700966764974054,0.6189035559893861,-0.2551683052454678,0.3728057624182758,-0.5030369939435947,0.5447533529948246,-0.4787878733604572,0.7522277760043974,0.5553764940004702,-0.19070838099101123,-0.20587751051089434,0.5909983291172416,-0.23045706964428347,-0.10225178633181405,0.2605791635618421,-0.00492637120314165,0.786918277354533,-0.6288581119613513,0.013203703200628228,0.2569462248101012,-0.4344497721123882,-0.4651322890505296,0.02285577546004522,-0.25688739009195743,-0.09655672765708712,-0.48743555678857137,0.3155277123959159,-0.5305031170707036,0.7827178436354816,-0.36272409815397705,0.7471618820699993,0.2535992715931925,-0.008725502728131381,0.10707871465732136,-0.1532167095984185,0.4987666904778487,0.472764529495697,0.7622539620803208,0.07364700711117561
"XM_008346127,1",-0.026784950750518816,-0.8110363333759679,0.28771849454938425,0.11396248394621437,-0.433889186182615,-0.20583304664527405,-0.41208808886503584,-0.08427120137592128,-0.5470589515295182,0.5670045721009617,-0.14894369543492175,-0.12198366666561368,-0.43107773300513524,1.0,-0.37647676857677276,-0.7261121807649882,-0.08240494176190002,-0.4269776068429521,0.6170448745531021,0.4900103509201175,0.6940947525590972,0.49915013724843466,0.737312558468932,0.4965558513498136,0.038372267285329255,0.034171701923486564,-0.3567166600568311,-0.13196230146706397,0.0764633381039076,0.05110417809943041,0.2715728374662336,-0.524416593251977,-0.30348410833754447,-0.5714820624493566,-0.4410261294486543,0.7109010025098932,0.023844140517952524,-0.31245782931221827,-0.16555885369742346,0.4725602079841791,-0.07110064135575943,0.044032303824939834,0.9077339149291435,0.6805499196548905,0.2663371927273603,-0.7000484494418859,-0.29686139118856,-0.21620192786878603,-0.9566214714030579,0.10237151797479464,-0.03754401413775104,0.8909952948144475,-0.6527694868315674,-0.7071247601002711,0.3677488772703724,-0.2739682813251064,0.10595844268455812,-0.4959190096192327,0.04849714509279962,-0.41617274983737623,0.4238706966478704,-0.35669131266911885,0.15517474720644028,0.5214778546289044,0.0017989816294499024,-0.2159636307382935,-0.5255182276779307,-0.7987518292066919,-0.5457335194260087,0.6984675108033129,-0.13058466470851623,0.698844293616442,0.014866761174652568,0.28771849454938436,-0.14766397668699616,0.38461038849817236,-0.6434905002436301,0.8333583829837301,-0.7152939443893139,0.146712314803062,0.10633507487012103,0.14604991373604587,-0.34497814796045984,-0.010790591344612199,-0.32761748205469626,0.6581004746662094,-0.5287691976752196,0.7517074837903905,-0.4631412390636956,-0.4465410719189092,-0.7260479342222413,-0.6812613168032714,-0.001862255628151119
"XM_008391412,1",-0.45261609730041996,0.36398234499286053,-0.5032654130577612,-0.5514323718508108,0.5482358471994331,-0.04597375913512806,0.6328941461181181,0.5689000043936911,0.3976308722566423,-0.0008587582422615872,-0.46851942984548633,-0.08381302826317626,0.2972741752438381,-0.37647676857677276,1.0,0.6566222447829473,0.7163240232639457,0.052938889167688054,0.17785899629712246,-0.6440228330479055,0.3299070496816025,-0.31206229824144366,0.01454027906211575,-0.14508168396844784,-0.026379931276410303,0.5992432383345012,-0.2351153514149809,0.025565963733853756,0.4327940591280017,-0.5965424137636732,-0.48465268162772196,-0.34760286640850213,-0.06753325657527952,-0.13836811453301967,0.2042978595168825,-0.21695379995934289,-0.20906824723301173,-0.47448962307324266,-0.48777348003353915,-0.13269039882652442,-0.5745537781966501,-0.6044774787521083,-0.27341666700570494,-0.4034406410972724,-0.5123417176797306,0.3850735712655479,0.8071602287088537,0.030205131717779797,0.4430298312437327,-0.6550805088369721,0.6161979015422805,-0.1515306491052683,0.5832855869829392,0.21784331439603555,-0.7868390276181959,-0.4717402553702454,0.7249383889055074,-0.5262084121273449,0.5390518694321517,-0.47515564736057514,0.3952908802045416,0.245098924028896,0.12908968742069282,0.1337854818228745,0.6675094310637514,-0.4104507552230889,0.6013658136555302,0.5061050748824771,0.5969607716512679,0.06607650010356246,0.033082720563283284,0.21775059345127298,0.675051676208001,-0.503265413057762,0.6760568317589984,0.3390651414610807,0.3793529642602279,0.0935649735366664,0.6457364317901596,0.29725087223356383,-0.24194598679527163,0.5504854410797971,-0.17085450919234396,0.4509583873112746,-0.23136900980090125,-0.17177272831719556,0.7398562655599877,-0.528938569471369,0.6385915068641599,0.6156887080586609,0.3431214302621298,0.591596473579273,-0.31257944430542123
"XM_008375822,1",-0.2374559103731501,0.9265715714682118,-0.06859757857846278,-0.3624142888829376,0.274991282617818,-0.2416642945828256,0.7549937792685011,0.11902949476227043,0.7948638166398427,-0.5805391092882329,0.02027286056902051,-0.3880768097663859,0.3215286817110548,-0.7261121807649882,0.6566222447829473,1.0,0.07992359686050934,0.3219867186793254,-0.1687861832533863,-0.5082339274347751,-0.34757701780081796,-0.43729049638363965,-0.5792736968921346,-0.36594485297521434,-0.49726664652815283,0.13506034648981466,-0.11854478037480906,-0.2389473359643859,0.3945392381392311,-0.18516853785255008,-0.41672111834600495,0.2503495758895664,0.28693031707232225,0.363563855462449,0.06768568339418654,-0.1472192081038035,-0.09640211619677973,0.165272138574466,-0.11350464891475251,-0.25074866104271387,0.1926214785990339,-0.16435641329086542,-0.8527601914484618,-0.8075772868791594,-0.41539563736172297,0.2924487986116045,0.47360548626291943,0.35391532295885786,0.879368676356567,-0.18289185953004297,0.2554894594867956,-0.7143202481221976,0.38801048872189053,0.6917111193546277,-0.38755680707095636,0.06459880085971574,0.2554141428735696,0.16759661259372083,0.022291527343458725,0.12807886831577467,-0.3186335488749664,0.5336147306568982,-0.21689760922882168,-0.1293278656814491,0.00330019846912768,-0.2938561756591849,0.8346620808652375,0.65687852745595,0.32212890012619233,-0.46996102797402395,-0.22491482470398305,-0.2071273652854945,-0.06754449539406074,-0.06859757857846306,0.38837059511625993,-0.3338143731099515,0.17380795001512592,-0.6056741315513362,0.7998240882068812,-0.2940416250274767,0.27405456945205725,0.16208857859115866,0.30923487685458095,-0.1554123473945907,0.260256721269895,-0.2313848984982754,0.4880653063173429,-0.8207422692761127,0.306389241958002,0.7657770172938032,0.2925114984386885,0.8019763006095221,-0.2717344610797399
"XM_008342092,1",-0.667308311613293,-0.21264047400034872,-0.8351341257739084,-0.6709687121409686,0.836774984727478,-0.059932485547594644,0.38726233452511544,0.9167921476437239,-0.30985727224697124,0.6356603924862195,-0.8596508619197225,0.29947673830192945,-0.16585163139701659,-0.08240494176190002,0.7163240232639457,0.07992359686050934,1.0,0.2543968618441079,0.3923636301827,-0.574610605364,0.4080500182079226,0.17927812315981698,0.5461629037171114,0.34315727431725335,0.3860721972150729,0.893575377396274,-0.37033975976232925,0.6197877263774587,0.022533922604277494,-0.8847357834406429,-0.6239388671574776,-0.7417053335997699,-0.6144450382346213,-0.6174813880423554,0.18187136774978124,-0.43553831289673856,0.16813723362138563,-0.8891992445366653,-0.7096505092654586,-0.4351731870172262,-0.9039737314256813,-0.38037547380165254,0.21847819834858084,-0.1403657762209989,-0.0750409336177807,0.6105883551161194,0.8730619154571602,-0.473944862661173,-0.0087215134620223,-0.9381506688935183,0.8336619524755418,0.3418416774644237,0.7403868418462858,0.04720536124407663,-0.9292756702461401,-0.8439044569085145,0.7186524892117976,-0.7805127191038361,0.9217727413280834,-0.8102512454900893,0.8572900824411643,-0.4262634416535416,0.12764222997430033,0.20413404284063708,0.9943470768443881,-0.43861526366783976,0.3267493154971243,0.4501735186839485,0.6888412247972258,0.262457951502212,-0.044317258782455855,0.4396646364153075,0.9508818889914659,-0.8351341257739088,0.8052496483361764,0.7687824617045088,0.6576217084569073,0.4218052682411549,0.47436458430307005,0.8704216416454215,-0.8155818134639421,0.7715692244094483,-0.7246179536183374,0.9184194593402655,-0.727066341636648,-0.4611353341695384,0.8065209728283184,-0.32048333697455006,0.8750319247664173,-0.017410445170703597,0.37017596625046956,-0.05669311034811108,-0.26495264911955957
"XM_008346561,1",-0.6144870693771611,0.35831592148992786,-0.5036018467940773,-0.549890413084812,0.7041006489497535,-0.5270968622816536,0.6576968523552118,0.5588965223374467,-0.11043976588889608,0.21553901064009304,-0.522220007527406,-0.15029064056763808,-0.6310818200465528,-0.4269776068429521,0.052938889167688054,0.3219867186793254,0.2543968618441079,1.0,0.05344566048314149,-0.51765627598991,-0.6030360020021844,0.32739638177970815,0.06353193030471205,0.5321359159873172,-0.3000948171114867,0.49288665212390326,-0.4438443780071562,0.7029580833129386,-0.12432501807071018,-0.582397535998925,-0.7295321053891755,-0.18865576265019812,-0.609571475419499,-0.2331604079819965,-0.02388497821204078,-0.38018869435388747,0.6091117679718987,-0.2740830169972549,-0.33216780737343016,-0.9442958607689463,0.11971790926233046,0.6353775653597306,-0.3848834842884808,-0.6821378028988241,0.5565435069717444,0.61263491677639,0.5308792397007485,-0.497821647400489,0.4111865424254692,-0.49262808347338743,0.5503861295005315,-0.17698739404447295,0.5455503533380492,0.7337864136329955,-0.505989470999829,-0.40400932978268794,0.18098696208061524,0.032388677183818264,0.4816068908121947,-0.21045198826844086,0.12933070697226343,-0.44914143815945656,-0.6765371510390249,-0.22719289018824013,0.22273353594619974,-0.43801288501920005,0.7047249347427651,0.7932804088626066,0.22563781769816316,-0.5766375672298654,-0.6930393309200013,0.052138665541743116,-0.013963530168871157,-0.5036018467940774,0.5898513528877488,0.13785005888434362,0.5264835870256637,-0.4512777706213234,0.7311922414967913,0.37148027164761427,-0.4058703986366151,0.435328102723965,-0.4950859563668362,0.3761658491289822,-0.4721861840812814,-0.8146549225839782,0.4862331670286394,-0.7700386341707111,0.5667619928277744,-0.10746197838405,0.1547159070771502,-0.17070191481488653,-0.1056537891370233
"XM_008392658,1",-0.7510539627406237,-0.45030227012372187,0.023148724972616722,-0.6962524313783307,0.18885957726084565,-0.7397777268708409,0.14721652185693748,0.5334437236809597,-0.5046905641820825,0.6905626915144857,-0.6109672651198139,-0.036758098360399116,-0.5548518869157537,0.6170448745531021,0.17785899629712246,-0.1687861832533863,0.3923636301827,0.05344566048314149,1.0,0.212166846190352,0.5209626629741734,0.7762290610933934,0.7510261280530917,0.5647113663913516,0.023148724972616854,0.6591530089693919,-0.8904124359075758,0.10178807602553377,-0.04977781774752769,-0.5793918348755374,-0.5428085607101131,-0.8328453013078269,-0.5370976737849978,-0.8949916377643089,-0.7641170937212373,0.3830940691181485,0.5322309430079315,-0.6974724351901472,-0.8533375108709795,-0.0982243773849852,-0.28379328830792855,-0.15782306057140466,0.5492860806386258,-0.07373373383991046,-0.00374450146659658,-0.1658592029931427,0.4249889158560557,-0.11523157710315923,-0.5423119552281841,-0.5438681393592222,0.6694864147704168,0.7511587729175756,-0.009150410229760628,-0.020212210423224297,-0.2783334061398902,-0.7227821508587441,0.3669382243952142,-0.7280781962970909,0.6068511277180798,-0.8108382158941072,0.6682651232859841,-0.5846813394135718,0.20619255956173105,0.886936367562796,0.4648019630141402,-0.8506287923436034,0.175628077891938,-0.25656756017724613,0.08223118360015469,0.7203502090577675,-0.6113814498178765,0.9345548522888811,0.27650218985587716,0.02314872497261698,0.6014624417425659,0.398843421171468,-0.2765048311077884,0.626616475681647,0.05027636623487083,0.5113753415414044,-0.15215405476050528,0.8116311765613119,-0.6185218753594632,0.2515222703117109,-0.5319307016922046,0.22462493051742835,0.23901215419379604,0.02448648258715558,0.19287793701248368,-0.365104482125611,-0.3105426879889335,-0.5342639661730246,-0.6852160194853748
"XM_008340249,1",0.3125028163081686,-0.42212686948397116,0.8188994406595965,0.27635821709441916,-0.662066372825061,-0.05711057096628414,-0.7920102181401057,-0.5297722507252229,-0.35592343086432704,-0.03652723759190726,0.5399935640846272,0.3435857302469079,0.09434263366908137,0.4900103509201175,-0.6440228330479055,-0.5082339274347751,-0.574610605364,-0.51765627598991,0.212166846190352,1.0,0.03197283058065863,0.40729398616246104,-0.023493074652450863,-0.24303097673248947,0.313631060883859,-0.48623774104636786,0.08269869873352716,-0.46181536283186736,-0.5471305742724519,0.5699239255160098,0.3768812232742958,0.22075724012390946,0.3962513615377639,-0.010253761273642515,-0.627204469880845,0.29770851322035974,0.24644510875547718,0.3823208835913984,0.11058307511737808,0.4566558041499111,0.3289333579456632,-0.12633023395960596,0.3462175579930908,0.3240047995650138,-0.22777779099878032,-0.49104371973514255,-0.6824421120292737,0.5621835183953288,-0.5163604373684746,0.5367964699907142,-0.4719998376169119,0.24625324854728053,-0.535568478606115,-0.229281051527202,0.7255118825216845,0.43527752137058556,-0.7515151164210621,0.3100359252370411,-0.47878501239114407,0.303027585857258,-0.3005129941324908,-0.1398218318881903,0.5810609926411577,0.5180403648651831,-0.4928353909913666,0.18040963111065036,-0.6408514206603503,-0.8135035801495315,-0.2476753451018743,0.5551823005064711,0.07723658378858951,-0.002535313906345405,-0.502052667347517,0.8188994406595951,-0.5409698119520947,-0.5114770276585008,-0.5908902146247621,0.1380333030784287,-0.6564929263708199,-0.2959622477965418,0.4008135243795433,-0.31615484317797493,0.3597604441639065,-0.616154710227932,0.4926099205999217,0.5466092782428082,-0.5155643138484559,0.5995204199775789,-0.5988718785904652,-0.5732412760300678,-0.12646269272701924,-0.41780954518774577,-0.31287917341395427
