,"XM_008378954,1","XM_008358718,1","NM_001293983,1","XM_008339015,1","XM_008378862,1","XM_008381409,1","XM_008372268,1","XM_008357852,1","XM_008347563,1","XM_008395865,1","XM_008347928,1","XM_008352752,1","XM_008390007,1","XM_008346127,1","XM_008391412,1","XM_008375822,1","XM_008342092,1","XM_008346561,1","XM_008392658,1","XM_008340249,1","XM_008357031,1","XM_008342489,1","XM_008365736,1","XM_008353259,1","XM_008392645,1","XM_008346577,1","XM_008392118,1","XM_008388475,1","XM_008353031,1","XM_008359318,1","XM_008392497,1","XM_008389619,1","XM_008340728,1","XM_008341644,1","XM_008352864,1","XM_008353321,1","XM_008358077,1","XM_008339343,1","XM_008358066,1","XM_008390606,1","XM_008360876,1","XM_008348542,1","XM_008377120,1","XM_008367835,1","XM_008375192,1","XM_008379224,1","XM_008382874,1","XM_008351661,1","XM_008364214,1","XM_008395973,1","XM_008395429,1","XM_008341462,1","XM_008361055,1","XM_008367891,1","XM_008364242,1","XM_008371859,1","XM_008373586,1","XM_008366883,1","XM_008349204,1","XM_008343281,1","XM_008352749,1","JN381497,1","XM_008375404,1","XM_008349498,1","XM_008356729,1","XM_008385618,1","XM_008348256,1","XM_008368498,1","XM_008346417,1","XM_008392579,1","XM_008375174,1","XM_008372502,1","XM_008375050,1","XM_008344638,1","XM_008380349,1","XM_008382862,1","XM_008366401,1","XM_008370181,1","XM_008382964,1","XM_008351730,1","XM_008388172,1","XM_008348226,1","XM_008393407,1","XM_008352977,1","XM_008357035,1","XM_008369353,1","XM_008346320,1","XM_008377122,1","XM_008370383,1","XM_008378026,1","XM_008348634,1","XM_008386805,1","XM_008387564,1","XM_008366364,1"
"XM_008378954,1",1.0,-0.5843283129287804,0.6609964401523974,0.9574734952931633,-0.9353431452034817,-0.04845951260296028,-0.3122375930038097,-0.42250913179860516,-0.2586549558264979,0.46375002890820394,0.28793524151108746,-0.8690402645263694,-0.46060168973277443,0.7633048102703754,0.025901594133020928,-0.7712860865605033,-0.7484309944374847,0.09535861593141409,0.38978239799187,0.14719891216865422,0.3950456365259996,-0.06521392502515437,0.7011533722639306,0.9029232607131564,0.27498426289832734,0.12479049228673536,-0.3047747225466052,-0.3327351318444885,0.15644636480906468,0.6379445052341397,-0.4676346666339571,0.29233666685986176,-0.18598911720345662,0.5227576855220648,0.8064879007477119,0.5279781183432379,0.10671488243063637,-0.5459680698190925,0.3481950923001698,-0.805805063712905,-0.09668989777902587,0.6249006939994273,-0.04222300365475132,0.112331370102601,-0.6314195130095314,-0.7285493321793953,0.6609964401523974,-0.5327722813625626,-0.0008310158789905717,-0.9502759999616712,0.8489374999423419,-0.2418979747549694,0.6199557052526422,-0.9799582509569619,-0.4374910527899991,-0.2970984747117962,-0.8037413102048323,0.9519324388176623,0.08986550875079892,-0.1501818714938045,-0.25803799367760016,0.6254296439906996,0.18589261620924763,-0.29899040311972047,0.12556686629164326,-0.45647385702562115,0.907248410508188,0.09955575823933308,-0.7127242076188706,-0.7514059517916964,-0.1769783396310564,-0.0396542427683721,-0.19580681478672346,0.4899255748870639,-0.010847335559906862,-0.7998820535335722,0.07253379049316018,0.4774057663885094,0.0986351594513949,0.09888568634693032,0.11441830508715206,0.21383068930768542,-0.4062305588648164,0.4297784053753946,0.2826956327754711,0.4742437212411756,-0.9761796694413319,0.08441476892662841,-0.872986446478024,-0.1597038378891706,-0.880739113024605,-0.1597038378891706,-0.9938034213226998,0.23480266642038802
"XM_008358718,1",-0.5843283129287804,1.0,0.060499833879699066,-0.6612816877392496,0.46471067227626334,-0.7400420265120652,-0.3316485160002834,0.49574410970600247,0.5404470253241842,-0.6908163403195876,0.4950550922195333,0.3210782540875474,-0.33987621843926474,-0.9564755272727009,-0.8190736245678023,0.9170313406943253,0.19838063537693984,-0.35314782982915705,0.31150362542118276,-0.8376738365528215,-0.9211209555266303,0.27416469442463137,-0.9820165814526363,-0.28338075919716416,0.32797828250943273,-0.1040061963002423,0.6437718198033981,-0.2944736794270551,0.45507714249687947,-0.9150363775071346,0.980792451084945,-0.8281955989869684,-0.248673929810206,-0.9033818414032019,-0.7963431326515135,-0.4273141672849934,0.61711173387364,0.9135814122462143,-0.6973161776610457,0.7489983607367938,-0.18171627623196007,-0.9321579789966538,-0.6771715579973387,-0.10528858860392536,0.036569865096341525,0.003330429104387963,0.060499833879699066,0.8422509084594794,0.733283731828553,0.4600839764126508,-0.7803265444218279,-0.5107859481779088,-0.9689663970680481,0.6261470630700815,0.7219288673161414,0.6782065395325882,0.6515753466453419,-0.3320220998579194,0.4560112622223833,0.8889105155131427,-0.06887897720305675,-0.8942537840090381,-0.2120302380048277,-0.29814985957388646,0.391181282895433,0.9413443129990402,-0.5279088659210865,0.6372207558595552,-0.14123633728895316,0.4212058307446333,0.43934035331055526,-0.5212687121049269,0.5458522483485045,-0.6238058361480464,0.669605624932037,0.7716153105558317,0.41792158902982246,-0.987808369245114,-0.748089595862288,-0.8423892986867901,0.6062570858162172,-0.9046329242498926,-0.38981906142988,-0.9473999175310153,0.41575506389730565,-0.436217689100624,0.6929992994671127,-0.765255729070733,0.244844357055925,-0.5533283749852896,0.8720925794523364,-0.5533283749852896,0.616021433524457,-0.31339949175829906
"NM_001293983,1",0.6609964401523974,0.060499833879699066,1.0,0.48097754730821846,-0.769255011460917,-0.7059173787262347,-0.45840874723177794,0.22283562628338321,0.519585784739273,-0.051347585971582,0.8617513270664463,-0.5803242256685002,-0.9477371059120371,0.15103999250500258,-0.46788082261939123,-0.05777627014552833,-0.39260253933191513,-0.6075801568449016,0.6906917908894202,-0.5862380209940494,-0.3741757229210877,0.16503176029278727,0.11432783447204196,0.6306064062349828,0.8654618565529583,0.15669859321709434,0.234427506824893,-0.9193607410381582,0.8383910310116459,-0.13906693745873466,0.19374498600145537,0.001007219736840583,-0.6425192717158286,-0.24028229960621808,0.12580188452604432,0.6585632864879738,0.7573523855371332,0.24915326260258558,0.012239924855659404,-0.16702295082283933,-0.17699324688436274,-0.1325115913111184,-0.6552480820196921,-0.2499999999999999,-0.612372435695794,-0.8550607441903365,1.0,-0.2326669578324256,0.593653404077075,-0.7951381602552667,0.18248685607525494,-0.7903259969422082,-0.12203110691205847,-0.7040141227776042,-0.2499958333125001,0.4652542817086955,-0.48264269700454243,0.7500678642690201,0.5052190687412843,0.4249077060411263,0.1504562626623371,-0.1373957071341312,0.5465412183169218,-0.560388496928278,0.4020531161447995,0.1722398135665801,0.3867323608758755,0.7922587686680739,-0.8660347118123283,-0.8027718319950994,0.30244891484930553,-0.20059729313841976,0.2144784176867757,-0.2958116191751777,0.3342910588096825,-0.13019399719092034,0.5516129111827788,-0.19195793851438736,-0.5708317366436859,-0.5485844619467364,0.8095824431396208,-0.40008979886324153,-0.636481538030971,-0.32542661333007894,0.7834389676258791,-0.20709143854890133,-0.6130772445565595,-0.6063642926784294,-0.7738884863365457,-0.25,-0.35459266444369375,-0.25,-0.6076523708719207,-0.24999999999999942
"XM_008339015,1",0.9574734952931633,-0.6612816877392496,0.48097754730821846,1.0,-0.7951801455037448,0.14281889792629288,-0.38859691617195613,-0.43810318362939865,-0.4557774342849156,0.3893108069548407,0.15241595367194896,-0.7669998926903695,-0.24419787532639328,0.8417913006829862,0.11716578855106433,-0.8667542302868486,-0.8228585365623496,0.3081494413019338,0.14194676659351171,0.32599489019782596,0.5613796107371127,0.07836764690365804,0.7328060578190123,0.8353161991708297,0.016513676204310778,0.2913433204311519,-0.5485836838453106,-0.10988651984712251,-0.028756464603464624,0.7679675600022309,-0.5924650563194916,0.3217728886248046,0.10536803284896329,0.6996075649215616,0.834408663910446,0.3310002325619087,-0.13610823362611005,-0.6747219578504718,0.23555163867405735,-0.8028028747059475,0.12065261887086769,0.767127535529158,0.1979322623202443,0.3712576374401944,-0.6958471144933882,-0.5211560953107564,0.48097754730821873,-0.463673253144758,-0.2231029351558293,-0.8205340765321709,0.8846968392715499,0.010145831432839895,0.7189595977959427,-0.9269364755814471,-0.3159099065864219,-0.39028449696732337,-0.6661406513623243,0.862991730573536,-0.17644824337517495,-0.26905209340126574,-0.38370228761544706,0.7834972220736406,0.01495048575840307,-0.3521116078110264,0.2114450131692603,-0.48257992284900236,0.9358522006556951,-0.07727549441857837,-0.5632040091839183,-0.5580945610935807,-0.11816403982309277,0.11267006345818718,-0.1046682756050433,0.6454909304774425,-0.18690756049383833,-0.9306197445859511,-0.21059562175849447,0.5913667998662923,0.3352573112985688,0.20701623488380883,-0.09419028632883512,0.3647139673106025,-0.2141548494741531,0.5795339516223463,0.014988974598796504,0.668154521522874,-0.9615812553090116,0.31015083035025365,-0.7163799727417124,-0.13016866850177747,-0.9285727446315822,-0.13016866850177747,-0.9469217168209806,0.18814542701745376
"XM_008378862,1",-0.9353431452034817,0.46471067227626334,-0.769255011460917,-0.7951801455037448,1.0,0.22725770795819641,0.12761953247270136,0.39677338307486804,0.02014063066719956,-0.5539859815831188,-0.36360279686293906,0.8958482651146101,0.631917995444951,-0.6064092927646959,0.03583555217568354,0.5955936090126742,0.5504449271715061,0.1498799686366802,-0.6326068393462623,0.03835609617498944,-0.19003640208618636,0.28254079342940674,-0.6193310194366338,-0.873136309568531,-0.5295371871015293,0.12737754767232237,-0.021174950786579456,0.5292475458241843,-0.3173404592396001,-0.44193679048842854,0.3019645336004371,-0.25551123285666394,0.5151811495984199,-0.27984542636195603,-0.7116462579977294,-0.7179503000397861,-0.3526255926889058,0.36896513660665337,-0.49812534599740027,0.7491188761641174,0.3697123688467855,-0.4132923869239438,0.2961147187717088,0.23605746658045074,0.4353539723539581,0.8821482724915302,-0.7692550114609168,0.5929855241409218,-0.2348090710212733,0.9967995895919665,-0.7341095710272395,0.48931633728361745,-0.4697093292070446,0.9301730263322597,0.5739756849880765,0.2009926738320958,0.9067985569861152,-0.9398892108833848,-0.39584020219583765,0.03746203477388948,0.06701159078545521,-0.39058376732012035,-0.3725807063833747,0.14149331886119781,0.05241394376168444,0.42631467251562094,-0.771233235853283,-0.25067792082655277,0.7806716993239522,0.9035101125893659,0.2824407939825585,0.2124344513066557,0.34191050939820045,-0.2732032486060606,-0.18378276091977924,0.5610288295687116,-0.4015264803689529,-0.3260887198873478,0.16756466178515908,-0.013763515200315473,-0.30829221327882644,-0.04908207774024603,0.5708603471549875,-0.24182441080946052,-0.5522777450844202,-0.1914155277379973,0.8827991920523638,0.16183956520386342,0.9576103390307524,0.144737508341121,0.7363570690436667,0.144737508341121,0.9411562789962797,-0.3088226894553795
"XM_008381409,1",-0.04845951260296028,-0.7400420265120652,-0.7059173787262347,0.14281889792629288,0.22725770795819641,1.0,0.4848200797188101,-0.4066357139532987,-0.6984532421991404,0.4344842409530382,-0.8914472222967788,0.2286782483069915,0.8835571535729192,0.5785847402380954,0.8945607462508838,-0.5932507437279149,0.12864955146757104,0.629047662910846,-0.75460475480569,0.9789705151309486,0.8966023266985278,-0.1983053375338004,0.6030863836927064,-0.26901642726391584,-0.8215355172256578,0.07896434095261932,-0.6767144355743113,0.8109096445072111,-0.8473840768647778,0.7213030012295472,-0.8311544543852758,0.615038946514643,0.6628566393381354,0.8041886663489399,0.42464143970516366,-0.15240575277384497,-0.9630390840911988,-0.7855120226127099,0.4179920349311376,-0.353227516838229,0.35588071581453207,0.7415886795226789,0.9530099891906499,0.30174267558050466,0.3300072632159673,0.623397345506776,-0.7059173787262354,-0.42485425870285104,-0.9533535131942444,0.23951028574369207,0.38302709208549635,0.9259582463242088,0.7448487931423516,0.03414927936769529,-0.314122728153392,-0.7226109913495803,-0.07228193090155834,-0.3019795010920099,-0.7373459066632747,-0.9201311666139427,-0.01821392249458805,0.7215509077137725,-0.1897750892375401,0.5100653164204346,-0.46327452640829525,-0.7406354556408585,0.07892745693368045,-0.9571902230976691,0.7096647913467962,0.26427815499817303,-0.40871569847889316,0.5908754036764979,-0.43602036069541067,0.5992954675858158,-0.7672069436258554,-0.4589571827351486,-0.7313762514503868,0.8281371565097473,0.9419967160483091,0.940044368534299,-0.9597148423030378,0.9254738958226131,0.768686631178122,0.8809204205195945,-0.8641337725391082,0.435668481637315,-0.07862837419026429,0.967927772944655,0.40048038029237015,0.5982266146274537,-0.3840604474591816,0.5982266146274537,0.0017261404099889154,0.2797557167979706
"XM_008372268,1",-0.3122375930038097,-0.3316485160002834,-0.45840874723177794,-0.38859691617195613,0.12761953247270136,0.4848200797188101,1.0,-0.31211030299789333,-0.02393842207580738,0.6364726602521158,-0.6929360953710805,0.21075385732063723,0.4349273411162897,0.057431701552104926,0.6846032453088647,-0.02920516240186488,0.7170170064008848,-0.04426356562975896,-0.09220842191914462,0.4306914757007955,0.2753203502779861,-0.793933777517897,0.29130582869613253,-0.40901428409957563,-0.13778632895147833,-0.6433510998728428,0.26926088606262844,0.29511451889878276,-0.41393975295652313,0.11245337319491737,-0.30344472672075035,0.4453386505474735,-0.23666395063139864,0.07088857442226328,0.09241431654575073,0.3037052764131632,-0.27358290413663927,-0.23628066558594307,0.7807805066791462,-0.1288111989656136,-0.4112217348019772,0.08715358489974091,0.23005147279189003,-0.6624852352438662,0.9152061042738261,0.24427930210237628,-0.4584087472317782,-0.5120087793613256,-0.2729833655882753,0.19170831604800584,-0.007029276656846302,0.24207908844934967,0.2579690648049197,0.26297314288975127,-0.6223405740428392,-0.43105540847991125,-0.28122760728211355,-0.40397395285351984,0.12295374963839938,-0.5602718652701046,0.49696647140677447,0.0057275796922266475,0.27931008449859385,0.9592344613298877,-0.9530239403760281,-0.5932213285352992,-0.36208692701824347,-0.5332097568468575,0.5585179003062978,-0.07920730801975681,-0.6882496015423,0.07734467203661115,-0.8144410765169059,-0.03394915555754918,-0.1895717181483264,0.2738124026750806,0.1867488618369432,0.339908180930677,0.17448004291759306,0.6689122907709094,-0.41992759343226743,0.4179460414835759,0.31434227322024216,0.30216801292722806,-0.12547487520046396,-0.3725077887415782,0.2715759615064296,0.2569039323118476,0.2274985238029024,0.6085122775542218,0.10741781210644447,0.6085122775542218,0.23113382030077292,0.4791482876831693
"XM_008357852,1",-0.42250913179860516,0.49574410970600247,0.22283562628338321,-0.43810318362939865,0.39677338307486804,-0.4066357139532987,-0.31211030299789333,1.0,0.7704113375871713,-0.8344622649716922,0.5475152838419692,0.6532910914579617,-0.25122096542726136,-0.44430634820049225,-0.2716488106040503,0.6410362785180082,0.4050683382483333,-0.6955556851435347,-0.21653299603872064,-0.532213811445685,-0.5791462965662945,0.6987721536796843,-0.5016964963850825,-0.5487325176932849,0.36042096314581,0.5911985560324512,0.06246871698818434,-0.47246429645084065,0.6667229872170336,-0.6896196153343872,0.4184728705522056,0.010237184319239416,-0.03364133185138678,-0.5447613584861655,-0.8314413414940803,0.046779392678529194,0.3356039517241166,0.7359749735620305,-0.5535427960720014,0.8563921308198841,0.5315241554550963,-0.6038261145995749,-0.22048624945795414,-0.0035167318311405326,-0.1790731274531054,0.26214917821674383,0.22283562628338377,0.25734331763787327,0.19068930326381425,0.34767697904935485,-0.7888324114247294,-0.16627513527077467,-0.6635352194254085,0.28892555432702816,0.24031589168179002,0.9252970269965773,0.6035847981857897,-0.42173519324421593,-0.1266288837754703,0.32104647826961685,0.5721515660326871,-0.5975355585457385,0.4567132424735901,-0.5177996626802818,0.5714847889821556,0.641615959079189,-0.6595307302364096,0.5906071288272499,0.14398126590125063,0.10939766127877454,0.8911150037586855,0.40838050298562845,0.7595906398653449,-0.8359862413672169,-0.17716711489149448,0.5465095340795177,-0.011058988877576977,-0.46000335536372006,-0.2994748027989384,-0.5375373029560074,0.5308856160411254,-0.3052049110981844,0.26820783843211904,-0.5754315384483949,0.08569446393755184,-0.6326051805246159,0.3279942370555689,-0.3637566395818827,0.44446576826703316,0.24488970725833464,0.39409204269812953,0.24488970725833464,0.514667201498571,-0.9506501012688752
"XM_008347563,1",-0.2586549558264979,0.5404470253241842,0.519585784739273,-0.4557774342849156,0.02014063066719956,-0.6984532421991404,-0.02393842207580738,0.7704113375871713,1.0,-0.4460652667471301,0.666233051985599,0.29055278894698205,-0.6269470583095024,-0.5197733721616751,-0.37924164096208257,0.7015151002555159,0.502946287662494,-0.9757235975928374,0.3653474148941196,-0.7711680535964032,-0.7910033627729871,0.17862665896069974,-0.45128623601838025,-0.29565712608881184,0.8127044437741047,0.04770726541365434,0.5939040070887092,-0.8107917263195387,0.8735441658865942,-0.8054058002941469,0.5849825581187749,-0.05431860559499105,-0.6587612934731012,-0.7986885909353777,-0.693115478345026,0.45320869977059386,0.7625183191227768,0.8300061876309964,-0.1498002897873138,0.6430364752613362,-0.09255245118404666,-0.7695246310410412,-0.6759789579925723,-0.5879486738498407,0.05581806522111993,-0.22835323775484562,0.5195857847392731,0.04174769219185794,0.6155784527779757,0.009204093194089647,-0.6832002771986673,-0.655132785298759,-0.7142557219831849,0.1361828031437637,-0.09115127840174696,0.8771657078733553,0.16117959137343804,-0.15796521381681378,0.4873121137916089,0.48302708614848977,0.713862644799875,-0.8016441195487299,0.7070235413629179,-0.22636288217274375,0.2003630174247817,0.524889700865489,-0.5848416146527565,0.7983800530569298,-0.1807010627686472,-0.31739248261302705,0.5103117092453598,-0.029618360267852625,0.3410576875030417,-0.9669143797852096,0.24885602972078275,0.7184547259175915,0.6106813446982008,-0.5910094013436149,-0.7323060909915464,-0.6131281808920156,0.8264873846323034,-0.5471683377580935,-0.19961771655217495,-0.7526574818627906,0.6321428402086339,-0.9104797475089359,0.24844910976923176,-0.7528490258907978,0.01982074266010284,0.1367257782211352,0.4248740173523195,0.1367257782211352,0.3140865688235511,-0.5879486738498403
"XM_008395865,1",0.46375002890820394,-0.6908163403195876,-0.051347585971582,0.3893108069548407,-0.5539859815831188,0.4344842409530382,0.6364726602521158,-0.8344622649716922,-0.4460652667471301,1.0,-0.524772568606243,-0.5775853024626371,0.13733418673414707,0.5780692623831091,0.5516390871709854,-0.6481197360472275,-0.06386667683705478,0.290919264715254,0.25772763886579386,0.549199194623317,0.5895440384370297,-0.863701950787635,0.7295716082214384,0.4164838217691629,-0.07783932796488591,-0.6353418701191403,0.03750253320906695,0.20531297490067324,-0.4546538212296862,0.6545057076230201,-0.5768470703644771,0.4100529138035916,-0.26683435493214985,0.5031236418685466,0.7989952664881252,0.44931414253371127,-0.2341560411444846,-0.71048180234516,0.919174070346567,-0.8374716249072696,-0.5735494516170911,0.5926506527661836,0.18642798517427872,-0.4050793845816874,0.3726710608999452,-0.3340884196550796,-0.05134758597158288,-0.6980886081512786,-0.22339043343198842,-0.49713424550189805,0.7359017379320308,0.07473884525068816,0.7314891537252685,-0.42823791435187253,-0.7238475164350758,-0.8061967431830424,-0.8421275571143824,0.38988339914331344,0.21663413868144643,-0.5486916647057626,-0.03930690089991859,0.5361218079311582,0.08872116333258225,0.7040430726533004,-0.8100782134275976,-0.8687228459981626,0.48238303340233574,-0.5245631755727832,-0.06663807221711657,-0.48015501588403253,-0.9210100026980493,-0.17307692055685134,-0.9566904255316553,0.5530686234577414,-0.020042617583884117,-0.4224840238906186,0.20051056139845289,0.624508227403523,0.25262484143651853,0.6906189355239848,-0.4146317494609343,0.47647757690911535,-0.13899271781361694,0.6237257051401724,0.0561852797098135,0.23567822072673789,-0.43237030747662436,0.3281945104137661,-0.4850579175597269,0.19803960706777457,-0.5112247543605629,0.19803960706777457,-0.5535415213130528,0.8400637179764328
"XM_008347928,1",0.28793524151108746,0.4950550922195333,0.8617513270664463,0.15241595367194896,-0.36360279686293906,-0.8914472222967788,-0.6929360953710805,0.5475152838419692,0.666233051985599,-0.524772568606243,1.0,-0.24490174151388175,-0.9064819600687339,-0.26446975218114055,-0.7662351306451597,0.3475033914381135,-0.30267805665161723,-0.6453868613248749,0.5593559548593207,-0.8461746550226295,-0.695651068787202,0.4932883269314223,-0.3588718657615431,0.35305763731353434,0.7998052342680991,0.32505411552253266,0.3058496389308576,-0.8821349417195322,0.9323655942327064,-0.512390381557673,0.5634814190672766,-0.33630153849227923,-0.4799892355976293,-0.5455307506772035,-0.31189064872802796,0.2815473478783218,0.8332127275786807,0.6247212641208548,-0.46331069804891656,0.2813575129353539,0.006081587431169601,-0.49202095262076223,-0.7488713158472614,-0.06349486555506385,-0.6517736715275108,-0.6081786533626825,0.8617513270664492,0.23920311635578867,0.7258967055429235,-0.40586154165173743,-0.23805977334441905,-0.7884370535991184,-0.5431527353595605,-0.31906381370858367,0.21280535468374118,0.7842654959155938,0.01866868534155618,0.4445155952493686,0.44004591652055186,0.7380926316124755,0.07952403200097735,-0.4655611395440512,0.3436669079880534,-0.7827149965365304,0.7064979178805064,0.6394860088266592,0.07983919340710365,0.9654808703495529,-0.7474985640588244,-0.4060319748973276,0.6495976000677145,-0.23790765658759494,0.6227860686520912,-0.5319448740765963,0.440975714833149,0.17127435984072586,0.4682812926613625,-0.5795841128751096,-0.7120511342355502,-0.8737723703305016,0.933390354443445,-0.6914251088685573,-0.5831588196356129,-0.6741510408622965,0.7161349591464232,-0.30482677975081424,-0.23036898324893096,-0.771460968935761,-0.4443523405135515,-0.4266756140607162,0.05157969015345798,-0.4266756140607162,-0.20706032225056875,-0.5409416658864679
"XM_008352752,1",-0.8690402645263694,0.3210782540875474,-0.5803242256685002,-0.7669998926903695,0.8958482651146101,0.2286782483069915,0.21075385732063723,0.6532910914579617,0.29055278894698205,-0.5775853024626371,-0.24490174151388175,1.0,0.5193842764121291,-0.4679385538672235,0.2104291665576809,0.5775522183035897,0.7336434352095373,-0.17725654409728334,-0.6902232101416659,0.0291501032564439,-0.18300622032307168,0.36198911210880835,-0.4553218213528231,-0.9760133229201832,-0.3211759064835419,0.30334476431633717,-0.077744711561018,0.2859380422565044,-0.08177183592055427,-0.4686734347798341,0.16543805368962178,0.088483777613291,0.38842001041765417,-0.27901388016981926,-0.781815686877386,-0.3685472564795432,-0.29182090522537496,0.41243564941457583,-0.3568811576365159,0.8273348267452392,0.5227242164872394,-0.40275658223728483,0.3138628867808841,0.07138749977124535,0.41554509660366096,0.8640631580149316,-0.580324225668502,0.2948657508476138,-0.30384457060975917,0.8815149854130626,-0.8003160847310776,0.45501742648669175,-0.4348301129640439,0.7755060707502738,0.27692061725606903,0.3977608344558665,0.8078906812923526,-0.9485255642181744,-0.4511679133790189,-0.11933606913866382,0.46697030659438377,-0.4070013706241185,0.05772198209750135,0.09765096932567469,0.05948167595323305,0.3292433701519952,-0.8901299537361311,-0.1361992628055259,0.8201486085938298,0.6395068746393893,0.44596518724934203,0.5130156720020882,0.3729513597651471,-0.511980809980263,-0.4262551480529789,0.5954506028125968,-0.37338449214287484,-0.1968706473543867,0.1787571669401858,0.035015593410299355,-0.1820544641094728,0.09385464940316839,0.7323015116818055,-0.2094692171911191,-0.5005250480826703,-0.45326512421671133,0.7459108969047719,0.1610681814211704,0.9588301027009069,0.48881721519393684,0.5939237287773771,0.48881721519393684,0.8983438680563663,-0.5682926245834617
"XM_008390007,1",-0.46060168973277443,-0.33987621843926474,-0.9477371059120371,-0.24419787532639328,0.631917995444951,0.8835571535729192,0.4349273411162897,-0.25122096542726136,-0.6269470583095024,0.13733418673414707,-0.9064819600687339,0.5193842764121291,1.0,0.14809962514459207,0.6690609144986888,-0.20534581470912464,0.2897429950457548,0.6614315608898035,-0.8280129592718936,0.7906627647800514,0.6208036317603268,-0.09328337110698805,0.161320864995704,-0.54890056671373,-0.9324151003260138,0.0278335135630669,-0.5010712216455693,0.9422671754383545,-0.8841449967007476,0.38683240934832586,-0.479198030372903,0.26377124909811345,0.7613046420924635,0.5068044568725708,0.06052526838725458,-0.5275925465757699,-0.9211755118288274,-0.47717386826193564,0.09499469544555963,0.0059495095598941375,0.3588391130892482,0.40028714994318876,0.8606508139915067,0.3643313582670468,0.47634879824571813,0.8626842081344558,-0.9477371059120374,0.004408629363345674,-0.8189712173213214,0.6463531372725764,0.013995526963055765,0.9387718095984985,0.3771425964723626,0.4767572533508244,0.07750009909416129,-0.5596654391883263,0.3450371138518061,-0.6351058045315262,-0.7092398585509297,-0.6600327436318414,-0.10889091747541373,0.40073376170586406,-0.44253224659339285,0.5034513086359376,-0.3736551427017338,-0.3824116151035252,-0.2306925369754442,-0.9029263405142411,0.878503758324141,0.6691534231222596,-0.2814415632508157,0.4409951537067808,-0.2357769439992015,0.4320793762448595,-0.5898519673780774,-0.12330907560103858,-0.7340716911757954,0.47078927660291975,0.7990455127139438,0.7273800820959054,-0.9287290792537044,0.6589374586239712,0.7848728492628126,0.5792691755303954,-0.9190195240184157,0.33531611585898,0.3641080627224169,0.8239629750572596,0.7145395186497804,0.42295107453759634,0.06347581235863242,0.42295107453759634,0.4156494916538566,0.19705322612286905
"XM_008346127,1",0.7633048102703754,-0.9564755272727009,0.15103999250500258,0.8417913006829862,-0.6064092927646959,0.5785847402380954,0.057431701552104926,-0.44430634820049225,-0.5197733721616751,0.5780692623831091,-0.26446975218114055,-0.4679385538672235,0.14809962514459207,1.0,0.6320592907677592,-0.9633323180656442,-0.4361035043213882,0.3319056800097637,-0.21381526483568852,0.7095957524613288,0.8580149018057243,-0.09478005443985967,0.9671917422311921,0.479359502897118,-0.22134928750782587,0.25949172794128816,-0.7029302099493743,0.14673216437780648,-0.29840045993132985,0.9212098261556645,-0.9262933635940541,0.7408721795863706,0.24391589975147432,0.9030964578916169,0.8383839713364967,0.4346385980078171,-0.49580902091767154,-0.8791396796381411,0.5463156190751891,-0.7863274659280934,0.2482638919923382,0.9425683710072106,0.5750596725906736,0.2425229416865466,-0.32134279014728356,-0.16596636058719091,0.1510399925050024,-0.7740150768909644,-0.6278142502697822,-0.6183572760544395,0.8508742384278579,0.3846713134025056,0.9419532603642083,-0.7940653910982441,-0.6249030740440832,-0.573307692409866,-0.6745212884624117,0.5365070707973966,-0.4381285359200825,-0.7405455846129103,-0.054846173201795,0.9227857214699196,0.19262634184184904,0.029296192869596085,-0.14551842803989654,-0.8255101605249925,0.6961693369853301,-0.45848213546185623,-0.09124457390394305,-0.504567330355929,-0.28199413150815866,0.47931617286929734,-0.36535019899813953,0.6462645254563949,-0.5978815970024496,-0.8925707215045294,-0.4137205408768292,0.9262898711066486,0.6734733864226334,0.6606033018495276,-0.4503049344561397,0.793553683074873,0.24401985333362322,0.8836215613060772,-0.31345710777051616,0.538750853471314,-0.8562356637286647,0.6694117071605985,-0.40740870328624734,0.38308895821339833,-0.974078874373945,0.38308895821339833,-0.7735324521649114,0.211681683968457
"XM_008391412,1",0.025901594133020928,-0.8190736245678023,-0.46788082261939123,0.11716578855106433,0.03583555217568354,0.8945607462508838,0.6846032453088647,-0.2716488106040503,-0.37924164096208257,0.5516390871709854,-0.7662351306451597,0.2104291665576809,0.6690609144986888,0.6320592907677592,1.0,-0.5537837941732001,0.35183671747969547,0.25010472415467006,-0.593595589665251,0.8769260509992624,0.8069696917407547,-0.3381202841189298,0.7303734898227215,-0.2950347872584656,-0.489455047438968,0.002409371643065643,-0.5033248985299393,0.49792701038294396,-0.5853152225754421,0.6300649555107881,-0.8618791805025167,0.8624471924882757,0.32393851486010233,0.6864363515380146,0.38905873730683677,0.27041387686449686,-0.7553662314923258,-0.6937567728890985,0.6812894156985545,-0.3403556116945464,0.24037738058787617,0.661796879996244,0.7953861762864284,-0.06792982201061819,0.4374875593650856,0.45083991657379585,-0.46788082261939407,-0.7337909876407139,-0.8479610889022046,0.05486480933540767,0.33552995421580145,0.7211859989744623,0.7308637032809872,-0.1091709999655806,-0.6716399355490291,-0.5723743729886066,-0.29348753375766395,-0.2489862619893449,-0.548235759168914,-0.984047512850421,0.37698611120049447,0.6042770894998009,0.2523558289636921,0.6067319222320805,-0.6136134551718594,-0.851298631970449,-0.028744059117940934,-0.7921544171705189,0.6499531495796708,-0.08591878624524303,-0.4208687179012652,0.6691827029787619,-0.5710057766302955,0.3341265581443726,-0.801659666785986,-0.3300690466708893,-0.4699911154766173,0.8665071736533027,0.7816330906739956,0.9521989337464067,-0.7508770779223599,0.9434963103610803,0.7388054101932189,0.8241118992564862,-0.623599093451673,0.09284127562366236,-0.17930308658089208,0.8159384365397211,0.2747450202534592,0.8484527541265152,-0.45190403206581914,0.8484527541265152,-0.0685741714679723,0.20265558432908876
"XM_008375822,1",-0.7712860865605033,0.9170313406943253,-0.05777627014552833,-0.8667542302868486,0.5955936090126742,-0.5932507437279149,-0.02920516240186488,0.6410362785180082,0.7015151002555159,-0.6481197360472275,0.3475033914381135,0.5775522183035897,-0.20534581470912464,-0.9633323180656442,-0.5537837941732001,1.0,0.5644961365317082,-0.535587499441849,0.15614717008382087,-0.7406794020301353,-0.8879775310999487,0.18186164658389528,-0.9210797565767829,-0.5817522028089374,0.3363195804377132,-0.13070008803650526,0.6735927271208733,-0.28650465337941006,0.4494794465470592,-0.9804277697835929,0.8824866347823996,-0.5652320180242313,-0.2982871005732407,-0.9361467577249147,-0.9347223757234546,-0.2661599388795381,0.5360162284872158,0.948163381567518,-0.5140702074593493,0.889348717155146,-0.1292142501080579,-0.9768810035650703,-0.5690712048436412,-0.3211580901106241,0.30939860954518333,0.19117224243993955,-0.05777627014552781,0.6449830587634253,0.5948193156179076,0.5988559884303404,-0.9431864461435693,-0.39886998636645465,-0.9684233249799103,0.7485348020254831,0.49569432660611057,0.72982859073056,0.6757990626998776,-0.584265216820306,0.3912036622422748,0.6754692009406387,0.2953043058199999,-0.9702163280310249,0.04790817183756096,-0.07818732789718784,0.1824313022081393,0.8181680548942873,-0.8098331855832175,0.5435090656619683,0.1373980538310151,0.39305025972679003,0.42261561764105127,-0.2937189585339426,0.43105423992679326,-0.8206747645531336,0.4556270749550621,0.9504293754673426,0.41647116199044293,-0.8891880633756284,-0.6778954766727754,-0.6634924223910633,0.536692422520852,-0.7347465971826316,-0.13109391725498304,-0.9013755525770736,0.33092761141170884,-0.7120333693931492,0.820741703171688,-0.6838397183049167,0.45364297517509833,-0.18640723643657117,0.9355984487305067,-0.18640723643657117,0.7990007937621116,-0.4061565259857634
"XM_008342092,1",-0.7484309944374847,0.19838063537693984,-0.39260253933191513,-0.8228585365623496,0.5504449271715061,0.12864955146757104,0.7170170064008848,0.4050683382483333,0.502946287662494,-0.06386667683705478,-0.30267805665161723,0.7336434352095373,0.2897429950457548,-0.4361035043213882,0.35183671747969547,0.5644961365317082,1.0,-0.4706578122058588,-0.23751527728757735,-0.03329457181250592,-0.24823400002781584,-0.26454650026413085,-0.2565072662609711,-0.8503332315443201,0.059468348121389576,-0.26869425459044793,0.39142851231508585,0.029864266285262835,0.023156165988785976,-0.493725793386693,0.15679297865897146,0.2472304272298386,-0.2135778159991225,-0.42808351942633327,-0.6071505297843256,0.14280987116587945,-0.008925466507678061,0.3945944782067514,0.2340427822237704,0.5841683560118285,-0.06734140337485515,-0.46836250488215475,0.015338398374738393,-0.6055580196371263,0.8149946836151302,0.49042666790544287,-0.3926025393319151,-0.11283761698161204,-0.054501223899612906,0.5814153355895447,-0.6761132428147091,0.11027118515873793,-0.3563732685487985,0.6341230160828834,-0.24787025924141812,0.2575928148182224,0.3049218305361384,-0.7914637537479886,0.06854854176127076,-0.18703708058496973,0.7802895056476421,-0.5312807452542065,0.431247841964933,0.57133111377644,-0.4943830409421752,0.021631233964442678,-0.8965668107131296,-0.09106939974691595,0.6791299940253206,0.17695860125463572,-0.030595906419185574,0.24068866245204146,-0.19599121516401474,-0.6407875298507276,-0.18691499546504162,0.7646198750697327,0.18550162358220085,-0.15044969967250338,-0.1094421656219999,0.1778825342112758,-0.031822462985072686,0.05922967666594733,0.4519679178821037,-0.23237627116310078,-0.07111583839601056,-0.7997357341572403,0.6690747762692562,-0.07235142227706146,0.6275200823025749,0.6293653502558627,0.5642615878160359,0.6293653502558627,0.7306423868410926,-0.17964705902670394
"XM_008346561,1",0.09535861593141409,-0.35314782982915705,-0.6075801568449016,0.3081494413019338,0.1498799686366802,0.629047662910846,-0.04426356562975896,-0.6955556851435347,-0.9757235975928374,0.290919264715254,-0.6453868613248749,-0.17725654409728334,0.6614315608898035,0.3319056800097637,0.25010472415467006,-0.535587499441849,-0.4706578122058588,1.0,-0.3937098839153765,0.6736664454041952,0.662732787385844,-0.09872199821301157,0.24723660534983152,0.19611002750196202,-0.86036802729158,-0.04270410344349815,-0.5323137582012795,0.8605155804252493,-0.8771782267554172,0.6597370124491589,-0.4200654635298236,-0.12165394868194965,0.7165190596081769,0.6705634172898339,0.535606701315934,-0.6353134256496874,-0.7360116769572509,-0.6902644683410333,-0.026418644221017962,-0.4858736671166047,0.11117753231686617,0.621451782043267,0.6283276276751127,0.6498641168756868,-0.0345247087932208,0.32168676941165447,-0.607580156844902,0.17043609940093002,-0.5469315854992296,0.15901040211066245,0.52802774445137,0.6528749505908246,0.5464300858933119,0.04413527250754771,0.2927042571059419,-0.7933535544050662,0.03232987760455228,0.03344974061149835,-0.48226164911884645,-0.3453160381295413,-0.7837589093527408,0.666609275216519,-0.8372652970333494,0.18114683725399805,-0.11903776645966475,-0.3442286299383059,0.47177350853583755,-0.755455515517734,0.22833521285581976,0.5004017111941179,-0.42811745028326587,-0.04216435174362243,-0.21923070572908213,0.9034410562662163,-0.16174938107312042,-0.5896640358417629,-0.6234063985087147,0.42221251515443037,0.6656857653180106,0.4928124946044,-0.7990608753160271,0.4136404757598202,0.19112118697752756,0.6115215137095987,-0.6534935982648944,0.8913939074790138,-0.06917805761627573,0.6822562781944208,0.10523400538443192,-0.2450333762571639,-0.23672468285159104,-0.2450333762571639,-0.1468405864686003,0.5360745840250961
"XM_008392658,1",0.38978239799187,0.31150362542118276,0.6906917908894202,0.14194676659351171,-0.6326068393462623,-0.75460475480569,-0.09220842191914462,-0.21653299603872064,0.3653474148941196,0.25772763886579386,0.5593559548593207,-0.6902232101416659,-0.8280129592718936,-0.21381526483568852,-0.593595589665251,0.15614717008382087,-0.23751527728757735,-0.3937098839153765,1.0,-0.644667164224266,-0.5258427716685733,-0.41222999965147894,-0.140494003142814,0.6208223680804259,0.7799618629058985,-0.559534947764263,0.7444312039241427,-0.6741766631641684,0.5350135713379154,-0.2817642717880612,0.489313901732575,-0.4236115517164376,-0.8671752008809569,-0.4839062823621952,0.14612113090835613,0.42037974074580564,0.8449091088751,0.30965357258265136,0.18268414311461864,-0.2501032093407465,-0.8104787638817571,-0.35424672646560534,-0.8815569785363155,-0.5665256936188833,-0.10138119388853264,-0.9089378247243716,0.6906917908894206,0.005394144395355012,0.8650822024844605,-0.603977491965136,0.1463361561282699,-0.9262062452822089,-0.2655343124003927,-0.33169668034841127,-0.12727762646164173,0.152521215499025,-0.5150398547473636,0.6196545026265423,0.9443659242609209,0.6157540133268107,-0.09481128749167023,-0.3672424247838637,0.18217970667439642,-0.04601186030539893,-0.07505095034741453,0.18189833257506718,0.30246309428798157,0.624687750499087,-0.8240206712333198,-0.5832805791031995,-0.2496928911988795,-0.8064679534941119,-0.21996901132210403,-0.18565579517062067,0.8448045170137823,0.16084920635163377,0.9097074848949467,-0.45106057686136014,-0.8184554515697061,-0.5174317578163797,0.7023334185636594,-0.6674295598266368,-0.9529069541220592,-0.48944044522246577,0.9500993977969742,-0.23059824786350866,-0.21881671963178376,-0.7910038743458889,-0.7867225756147606,-0.5665256936188833,0.05255616582290668,-0.5665256936188833,-0.40770705342061625,0.35002295999604716
"XM_008340249,1",0.14719891216865422,-0.8376738365528215,-0.5862380209940494,0.32599489019782596,0.03835609617498944,0.9789705151309486,0.4306914757007955,-0.532213811445685,-0.7711680535964032,0.549199194623317,-0.8461746550226295,0.0291501032564439,0.7906627647800514,0.7095957524613288,0.8769260509992624,-0.7406794020301353,-0.03329457181250592,0.6736664454041952,-0.644667164224266,1.0,0.9652050218212362,-0.24766842494362046,0.725531881989525,-0.06879039601742096,-0.7718916361012279,0.055219211901658696,-0.704757429430371,0.7598743471236388,-0.8367230056422377,0.8455485455308573,-0.900919498391698,0.6308657422161498,0.6116422923878284,0.8959525324777196,0.5988171359310797,-0.06980211485753562,-0.930836500316603,-0.8951020594842937,0.49166644420400646,-0.531801023639435,0.28844058651088267,0.8564564738813921,0.9227351145651725,0.3139697983786446,0.22230607286074866,0.4603900907289451,-0.586238020994052,-0.5066400364595048,-0.9270723803532596,0.050992344036836244,0.5632009809561538,0.8609756642849845,0.8618203893305416,-0.14677768996264864,-0.38298491186985334,-0.8085683416193735,-0.24054890255941694,-0.10274413520339865,-0.6845014272377633,-0.9261277885789279,-0.10799764748642923,0.8376234917411856,-0.19150106606595924,0.47358185841561157,-0.4602683829195289,-0.827022250989483,0.27395600254310465,-0.9438570722669066,0.5518441772528468,0.12746865169723232,-0.4832957798833401,0.5277391126858375,-0.5008618964236087,0.7181629096165428,-0.7219416758851158,-0.6118900368590213,-0.6912238236718785,0.9024707388902822,0.9410985698528955,0.9531229013037598,-0.9403577816026001,0.9414261915277526,0.6493332644785541,0.9550690466333431,-0.7900512634793467,0.5460491098879294,-0.2575385034113267,0.9679839030748779,0.20961845707928523,0.523528094720365,-0.5391273296868501,0.523528094720365,-0.19751064519611614,0.3754192236217086
